# Name=tournament_wt_205
# pos	aa	label	Other	Sec/SPI n	Sec/SPI h	Sec/SPI c	Sec/SPII n	Sec/SPII h	Sec/SPII cys	Tat/SPI n	Tat/SPI RR	Tat/SPI h	Tat/SPI c	Tat/SPII n	Tat/SPII RR	Tat/SPII h	Tat/SPII cys	Sec/SPIII P	Sec/SPIII cons.	Sec/SPIII h
1	S	O	0.995936	0.004026	0.000000	0.000000	0.000064	0.000000	0.000000	0.000001	0.000000	0.000000	0.000000	0.000000	0.000000	0.000000	0.000000	0.000013	0.000000	0.000000
2	I	O	0.995940	0.002487	0.001539	0.000000	0.000044	0.000020	0.000000	0.000000	0.000000	0.000000	0.000000	0.000000	0.000000	0.000000	0.000000	0.000010	0.000003	0.000000
3	E	O	0.995938	0.001811	0.001728	0.000487	0.000031	0.000033	0.000000	0.000000	0.000000	0.000000	0.000000	0.000000	0.000000	0.000000	0.000000	0.000008	0.000002	0.000002
4	A	O	0.995964	0.001296	0.001699	0.001010	0.000023	0.000037	0.000005	0.000000	0.000000	0.000000	0.000000	0.000000	0.000000	0.000000	0.000000	0.000007	0.000002	0.000002
5	S	O	0.996019	0.000964	0.001427	0.001561	0.000016	0.000035	0.000008	0.000000	0.000000	0.000000	0.000000	0.000000	0.000000	0.000000	0.000000	0.000006	0.000002	0.000002
6	R	O	0.996120	0.000730	0.001087	0.002052	0.000012	0.000030	0.000010	0.000000	0.000000	0.000000	0.000000	0.000000	0.000000	0.000000	0.000000	0.000005	0.000001	0.000002
7	G	O	0.996274	0.000558	0.000809	0.002358	0.000009	0.000025	0.000009	0.000000	0.000000	0.000000	0.000000	0.000000	0.000000	0.000000	0.000000	0.000004	0.000001	0.000001
8	S	O	0.996534	0.000418	0.000653	0.002405	0.000006	0.000019	0.000008	0.000000	0.000000	0.000000	0.000000	0.000000	0.000000	0.000000	0.000000	0.000003	0.000001	0.000001
9	Y	O	0.996858	0.000309	0.000528	0.002325	0.000004	0.000015	0.000006	0.000000	0.000000	0.000000	0.000000	0.000000	0.000000	0.000000	0.000000	0.000003	0.000001	0.000001
10	S	O	0.997171	0.000236	0.000387	0.002231	0.000003	0.000012	0.000005	0.000000	0.000000	0.000000	0.000000	0.000000	0.000000	0.000000	0.000000	0.000002	0.000001	0.000001
11	T	O	0.997595	0.000178	0.000306	0.001954	0.000002	0.000009	0.000004	0.000000	0.000000	0.000000	0.000000	0.000000	0.000000	0.000000	0.000000	0.000002	0.000001	0.000001
12	S	O	0.998027	0.000138	0.000238	0.001631	0.000001	0.000007	0.000003	0.000000	0.000000	0.000000	0.000000	0.000000	0.000000	0.000000	0.000000	0.000001	0.000001	0.000001
13	S	O	0.998481	0.000105	0.000196	0.001255	0.000001	0.000005	0.000002	0.000000	0.000000	0.000000	0.000000	0.000000	0.000000	0.000000	0.000000	0.000001	0.000000	0.000001
14	T	O	0.998870	0.000078	0.000170	0.000921	0.000001	0.000004	0.000002	0.000000	0.000000	0.000000	0.000000	0.000000	0.000000	0.000000	0.000000	0.000001	0.000000	0.000000
15	S	O	0.999126	0.000057	0.000142	0.000710	0.000000	0.000003	0.000001	0.000000	0.000000	0.000000	0.000000	0.000000	0.000000	0.000000	0.000000	0.000001	0.000000	0.000000
16	V	O	0.999355	0.000039	0.000123	0.000524	0.000000	0.000002	0.000001	0.000000	0.000000	0.000000	0.000000	0.000000	0.000000	0.000000	0.000000	0.000000	0.000000	0.000000
17	S	O	0.999492	0.000027	0.000098	0.000425	0.000000	0.000002	0.000001	0.000000	0.000000	0.000000	0.000000	0.000000	0.000000	0.000000	0.000000	0.000000	0.000000	0.000000
18	S	O	0.999603	0.000018	0.000076	0.000343	0.000000	0.000001	0.000000	0.000000	0.000000	0.000000	0.000000	0.000000	0.000000	0.000000	0.000000	0.000000	0.000000	0.000000
19	L	O	0.999706	0.000012	0.000059	0.000265	0.000000	0.000001	0.000000	0.000000	0.000000	0.000000	0.000000	0.000000	0.000000	0.000000	0.000000	0.000000	0.000000	0.000000
20	V	O	0.999772	0.000008	0.000041	0.000223	0.000000	0.000001	0.000000	0.000000	0.000000	0.000000	0.000000	0.000000	0.000000	0.000000	0.000000	0.000000	0.000000	0.000000
21	S	O	0.999828	0.000005	0.000025	0.000185	0.000000	0.000000	0.000000	0.000000	0.000000	0.000000	0.000000	0.000000	0.000000	0.000000	0.000000	0.000000	0.000000	0.000000
22	G	O	0.999883	0.000004	0.000014	0.000143	0.000000	0.000000	0.000000	0.000000	0.000000	0.000000	0.000000	0.000000	0.000000	0.000000	0.000000	0.000000	0.000000	0.000000
23	F	O	0.999936	0.000003	0.000010	0.000092	0.000000	0.000000	0.000000	0.000000	0.000000	0.000000	0.000000	0.000000	0.000000	0.000000	0.000000	0.000000	0.000000	0.000000
24	G	O	0.999970	0.000002	0.000006	0.000062	0.000000	0.000000	0.000000	0.000000	0.000000	0.000000	0.000000	0.000000	0.000000	0.000000	0.000000	0.000000	0.000000	0.000000
25	G	O	0.999999	0.000002	0.000004	0.000036	0.000000	0.000000	0.000000	0.000000	0.000000	0.000000	0.000000	0.000000	0.000000	0.000000	0.000000	0.000000	0.000000	0.000000
26	G	O	1.000008	0.000002	0.000003	0.000021	0.000000	0.000000	0.000000	0.000000	0.000000	0.000000	0.000000	0.000000	0.000000	0.000000	0.000000	0.000000	0.000000	0.000000
27	T	O	1.000021	0.000001	0.000003	0.000012	0.000000	0.000000	0.000000	0.000000	0.000000	0.000000	0.000000	0.000000	0.000000	0.000000	0.000000	0.000000	0.000000	0.000000
28	I	O	1.000021	0.000001	0.000002	0.000008	0.000000	0.000000	0.000000	0.000000	0.000000	0.000000	0.000000	0.000000	0.000000	0.000000	0.000000	0.000000	0.000000	0.000000
29	Y	O	1.000028	0.000001	0.000002	0.000006	0.000000	0.000000	0.000000	0.000000	0.000000	0.000000	0.000000	0.000000	0.000000	0.000000	0.000000	0.000000	0.000000	0.000000
30	Y	O	1.000028	0.000001	0.000001	0.000004	0.000000	0.000000	0.000000	0.000000	0.000000	0.000000	0.000000	0.000000	0.000000	0.000000	0.000000	0.000000	0.000000	0.000000
31	P	O	1.000026	0.000001	0.000001	0.000004	0.000000	0.000000	0.000000	0.000000	0.000000	0.000000	0.000000	0.000000	0.000000	0.000000	0.000000	0.000000	0.000000	0.000000
32	T	O	1.000024	0.000000	0.000001	0.000003	0.000000	0.000000	0.000000	0.000000	0.000000	0.000000	0.000000	0.000000	0.000000	0.000000	0.000000	0.000000	0.000000	0.000000
33	T	O	1.000028	0.000000	0.000001	0.000003	0.000000	0.000000	0.000000	0.000000	0.000000	0.000000	0.000000	0.000000	0.000000	0.000000	0.000000	0.000000	0.000000	0.000000
34	T	O	1.000032	0.000000	0.000000	0.000003	0.000000	0.000000	0.000000	0.000000	0.000000	0.000000	0.000000	0.000000	0.000000	0.000000	0.000000	0.000000	0.000000	0.000000
35	G	O	1.000031	0.000000	0.000000	0.000002	0.000000	0.000000	0.000000	0.000000	0.000000	0.000000	0.000000	0.000000	0.000000	0.000000	0.000000	0.000000	0.000000	0.000000
36	D	O	1.000026	0.000000	0.000000	0.000002	0.000000	0.000000	0.000000	0.000000	0.000000	0.000000	0.000000	0.000000	0.000000	0.000000	0.000000	0.000000	0.000000	0.000000
37	G	O	1.000027	0.000000	0.000000	0.000002	0.000000	0.000000	0.000000	0.000000	0.000000	0.000000	0.000000	0.000000	0.000000	0.000000	0.000000	0.000000	0.000000	0.000000
38	T	O	1.000025	0.000000	0.000000	0.000001	0.000000	0.000000	0.000000	0.000000	0.000000	0.000000	0.000000	0.000000	0.000000	0.000000	0.000000	0.000000	0.000000	0.000000
39	F	O	1.000027	0.000000	0.000000	0.000001	0.000000	0.000000	0.000000	0.000000	0.000000	0.000000	0.000000	0.000000	0.000000	0.000000	0.000000	0.000000	0.000000	0.000000
40	G	O	1.000031	0.000000	0.000000	0.000001	0.000000	0.000000	0.000000	0.000000	0.000000	0.000000	0.000000	0.000000	0.000000	0.000000	0.000000	0.000000	0.000000	0.000000
41	A	O	1.000031	0.000000	0.000000	0.000001	0.000000	0.000000	0.000000	0.000000	0.000000	0.000000	0.000000	0.000000	0.000000	0.000000	0.000000	0.000000	0.000000	0.000000
42	V	O	1.000028	0.000000	0.000000	0.000001	0.000000	0.000000	0.000000	0.000000	0.000000	0.000000	0.000000	0.000000	0.000000	0.000000	0.000000	0.000000	0.000000	0.000000
43	V	O	1.000029	0.000000	0.000000	0.000001	0.000000	0.000000	0.000000	0.000000	0.000000	0.000000	0.000000	0.000000	0.000000	0.000000	0.000000	0.000000	0.000000	0.000000
44	I	O	1.000029	0.000000	0.000000	0.000000	0.000000	0.000000	0.000000	0.000000	0.000000	0.000000	0.000000	0.000000	0.000000	0.000000	0.000000	0.000000	0.000000	0.000000
45	V	O	1.000025	0.000000	0.000000	0.000000	0.000000	0.000000	0.000000	0.000000	0.000000	0.000000	0.000000	0.000000	0.000000	0.000000	0.000000	0.000000	0.000000	0.000000
46	P	O	1.000022	0.000000	0.000000	0.000000	0.000000	0.000000	0.000000	0.000000	0.000000	0.000000	0.000000	0.000000	0.000000	0.000000	0.000000	0.000000	0.000000	0.000000
47	G	O	1.000029	0.000000	0.000000	0.000000	0.000000	0.000000	0.000000	0.000000	0.000000	0.000000	0.000000	0.000000	0.000000	0.000000	0.000000	0.000000	0.000000	0.000000
48	F	O	1.000026	0.000000	0.000000	0.000000	0.000000	0.000000	0.000000	0.000000	0.000000	0.000000	0.000000	0.000000	0.000000	0.000000	0.000000	0.000000	0.000000	0.000000
49	T	O	1.000027	0.000000	0.000000	0.000000	0.000000	0.000000	0.000000	0.000000	0.000000	0.000000	0.000000	0.000000	0.000000	0.000000	0.000000	0.000001	0.000000	0.000000
50	G	O	1.000029	0.000000	0.000000	0.000000	0.000000	0.000000	0.000000	0.000001	0.000000	0.000000	0.000000	0.000000	0.000000	0.000000	0.000000	0.000001	0.000000	0.000000
51	T	O	1.000029	0.000000	0.000000	0.000000	0.000000	0.000000	0.000000	0.000001	0.000000	0.000000	0.000000	0.000000	0.000000	0.000000	0.000000	0.000001	0.000000	0.000000
52	Q	O	1.000026	0.000000	0.000000	0.000000	0.000000	0.000000	0.000000	0.000001	0.000000	0.000000	0.000001	0.000000	0.000000	0.000000	0.000000	0.000001	0.000000	0.000000
53	S	O	1.000024	0.000000	0.000000	0.000000	0.000000	0.000000	0.000000	0.000001	0.000000	0.000001	0.000001	0.000000	0.000000	0.000000	0.000000	0.000001	0.000000	0.000000
54	T	O	1.000023	0.000000	0.000000	0.000000	0.000000	0.000001	0.000000	0.000001	0.000000	0.000001	0.000001	0.000000	0.000000	0.000000	0.000000	0.000002	0.000000	0.000000
55	I	O	1.000021	0.000000	0.000000	0.000000	0.000000	0.000001	0.000000	0.000002	0.000000	0.000001	0.000001	0.000000	0.000000	0.000000	0.000000	0.000002	0.000001	0.000001
56	S	O	1.000018	0.000000	0.000000	0.000000	0.000000	0.000001	0.000000	0.000002	0.000000	0.000001	0.000002	0.000000	0.000000	0.000000	0.000000	0.000002	0.000001	0.000001
57	W	O	1.000019	0.000000	0.000000	0.000000	0.000000	0.000001	0.000000	0.000002	0.000000	0.000002	0.000002	0.000000	0.000000	0.000000	0.000000	0.000002	0.000001	0.000001
58	L	O	1.000016	0.000000	0.000000	0.000000	0.000000	0.000001	0.000000	0.000002	0.000000	0.000002	0.000003	0.000000	0.000000	0.000000	0.000000	0.000002	0.000001	0.000001
59	G	O	1.000013	0.000000	0.000000	0.000000	0.000001	0.000001	0.000000	0.000003	0.000000	0.000002	0.000003	0.000000	0.000000	0.000000	0.000000	0.000003	0.000001	0.000001
60	P	O	1.000014	0.000000	0.000000	0.000000	0.000001	0.000001	0.000000	0.000003	0.000000	0.000002	0.000004	0.000000	0.000000	0.000000	0.000000	0.000003	0.000001	0.000001
61	R	O	1.000004	0.000000	0.000000	0.000000	0.000001	0.000001	0.000000	0.000003	0.000001	0.000003	0.000005	0.000000	0.000000	0.000000	0.000000	0.000003	0.000001	0.000001
62	L	O	1.000005	0.000000	0.000000	0.000000	0.000001	0.000001	0.000000	0.000004	0.000000	0.000003	0.000006	0.000000	0.000000	0.000000	0.000000	0.000004	0.000001	0.000001
63	A	O	1.000002	0.000000	0.000000	0.000000	0.000001	0.000001	0.000000	0.000004	0.000001	0.000004	0.000007	0.000000	0.000000	0.000000	0.000000	0.000004	0.000002	0.000002
64	S	O	0.999989	0.000000	0.000000	0.000000	0.000001	0.000001	0.000001	0.000005	0.000001	0.000005	0.000009	0.000000	0.000000	0.000000	0.000001	0.000005	0.000002	0.000002
65	Q	O	0.999987	0.000000	0.000000	0.000000	0.000000	0.000002	0.000001	0.000004	0.000001	0.000006	0.000010	0.000000	0.000000	0.000001	0.000001	0.000005	0.000003	0.000002
66	G	O	0.999983	0.000000	0.000000	0.000000	0.000000	0.000002	0.000001	0.000004	0.000000	0.000007	0.000012	0.000000	0.000000	0.000001	0.000001	0.000004	0.000003	0.000003
67	F	O	0.999972	0.000000	0.000000	0.000000	0.000000	0.000002	0.000001	0.000002	0.000000	0.000009	0.000013	0.000000	0.000000	0.000001	0.000001	0.000003	0.000004	0.000004
68	V	O	0.999973	0.000000	0.000000	0.000000	0.000000	0.000001	0.000001	0.000000	0.000000	0.000008	0.000017	0.000000	0.000000	0.000001	0.000002	0.000000	0.000005	0.000005
69	V	O	0.999973	0.000000	0.000000	0.000000	0.000000	0.000000	0.000002	0.000000	0.000000	0.000000	0.000020	0.000000	0.000000	0.000000	0.000004	0.000000	0.000000	0.000008
70	F	O	1.000000	0.000000	0.000000	0.000000	0.000000	0.000000	0.000000	0.000000	0.000000	0.000000	0.000000	0.000000	0.000000	0.000000	0.000000	0.000000	0.000000	0.000000
