# Name=tournament_wt_198
# pos	aa	label	Other	Sec/SPI n	Sec/SPI h	Sec/SPI c	Sec/SPII n	Sec/SPII h	Sec/SPII cys	Tat/SPI n	Tat/SPI RR	Tat/SPI h	Tat/SPI c	Tat/SPII n	Tat/SPII RR	Tat/SPII h	Tat/SPII cys	Sec/SPIII P	Sec/SPIII cons.	Sec/SPIII h
1	S	O	0.992897	0.006850	0.000000	0.000000	0.000238	0.000000	0.000000	0.000001	0.000000	0.000000	0.000000	0.000000	0.000000	0.000000	0.000000	0.000020	0.000000	0.000000
2	I	O	0.992906	0.004701	0.002149	0.000000	0.000173	0.000065	0.000000	0.000000	0.000000	0.000000	0.000000	0.000000	0.000000	0.000000	0.000000	0.000017	0.000003	0.000000
3	E	O	0.992908	0.003753	0.002611	0.000485	0.000133	0.000104	0.000000	0.000000	0.000000	0.000000	0.000000	0.000000	0.000000	0.000000	0.000000	0.000015	0.000003	0.000002
4	A	O	0.992917	0.002969	0.002853	0.001019	0.000102	0.000124	0.000012	0.000000	0.000000	0.000000	0.000000	0.000000	0.000000	0.000000	0.000000	0.000013	0.000003	0.000003
5	T	O	0.992952	0.002415	0.002752	0.001652	0.000079	0.000127	0.000019	0.000000	0.000000	0.000000	0.000000	0.000000	0.000000	0.000000	0.000000	0.000011	0.000003	0.000003
6	R	O	0.993010	0.001982	0.002518	0.002282	0.000061	0.000118	0.000028	0.000000	0.000000	0.000000	0.000000	0.000000	0.000000	0.000000	0.000000	0.000009	0.000003	0.000002
7	G	O	0.993103	0.001588	0.002344	0.002787	0.000045	0.000109	0.000025	0.000000	0.000000	0.000000	0.000000	0.000000	0.000000	0.000000	0.000000	0.000008	0.000002	0.000002
8	S	O	0.993238	0.001265	0.002179	0.003171	0.000033	0.000097	0.000024	0.000000	0.000000	0.000000	0.000000	0.000000	0.000000	0.000000	0.000000	0.000006	0.000002	0.000002
9	F	O	0.993408	0.000985	0.002033	0.003454	0.000024	0.000084	0.000022	0.000000	0.000000	0.000000	0.000000	0.000000	0.000000	0.000000	0.000000	0.000005	0.000002	0.000002
10	A	O	0.993620	0.000766	0.001861	0.003647	0.000017	0.000073	0.000018	0.000000	0.000000	0.000000	0.000000	0.000000	0.000000	0.000000	0.000000	0.000004	0.000002	0.000002
11	V	O	0.993993	0.000576	0.001788	0.003563	0.000012	0.000056	0.000021	0.000000	0.000000	0.000000	0.000000	0.000000	0.000000	0.000000	0.000000	0.000003	0.000001	0.000001
12	A	O	0.994390	0.000458	0.001600	0.003495	0.000009	0.000044	0.000015	0.000000	0.000000	0.000000	0.000000	0.000000	0.000000	0.000000	0.000000	0.000003	0.000001	0.000001
13	E	O	0.994825	0.000367	0.001406	0.003363	0.000006	0.000034	0.000012	0.000000	0.000000	0.000000	0.000000	0.000000	0.000000	0.000000	0.000000	0.000002	0.000001	0.000001
14	T	O	0.995160	0.000287	0.001203	0.003320	0.000004	0.000028	0.000009	0.000000	0.000000	0.000000	0.000000	0.000000	0.000000	0.000000	0.000000	0.000002	0.000001	0.000001
15	S	O	0.995440	0.000226	0.000962	0.003355	0.000003	0.000021	0.000008	0.000000	0.000000	0.000000	0.000000	0.000000	0.000000	0.000000	0.000000	0.000001	0.000001	0.000001
16	V	O	0.995734	0.000177	0.000750	0.003328	0.000002	0.000016	0.000006	0.000000	0.000000	0.000000	0.000000	0.000000	0.000000	0.000000	0.000000	0.000001	0.000000	0.000001
17	S	O	0.996013	0.000143	0.000539	0.003302	0.000001	0.000013	0.000004	0.000000	0.000000	0.000000	0.000000	0.000000	0.000000	0.000000	0.000000	0.000001	0.000000	0.000000
18	R	O	0.996331	0.000118	0.000378	0.003176	0.000001	0.000009	0.000004	0.000000	0.000000	0.000000	0.000000	0.000000	0.000000	0.000000	0.000000	0.000001	0.000000	0.000000
19	F	O	0.996694	0.000099	0.000261	0.002949	0.000001	0.000006	0.000003	0.000000	0.000000	0.000000	0.000000	0.000000	0.000000	0.000000	0.000000	0.000000	0.000000	0.000000
20	A	O	0.997100	0.000085	0.000179	0.002645	0.000000	0.000004	0.000002	0.000000	0.000000	0.000000	0.000000	0.000000	0.000000	0.000000	0.000000	0.000000	0.000000	0.000000
21	A	O	0.997516	0.000074	0.000124	0.002295	0.000000	0.000003	0.000001	0.000000	0.000000	0.000000	0.000000	0.000000	0.000000	0.000000	0.000000	0.000000	0.000000	0.000000
22	R	O	0.997909	0.000066	0.000084	0.001948	0.000000	0.000002	0.000001	0.000000	0.000000	0.000000	0.000000	0.000000	0.000000	0.000000	0.000000	0.000000	0.000000	0.000000
23	G	O	0.998330	0.000059	0.000062	0.001558	0.000000	0.000001	0.000001	0.000000	0.000000	0.000000	0.000000	0.000000	0.000000	0.000000	0.000000	0.000000	0.000000	0.000000
24	F	O	0.998776	0.000053	0.000052	0.001129	0.000000	0.000001	0.000000	0.000000	0.000000	0.000000	0.000000	0.000000	0.000000	0.000000	0.000000	0.000000	0.000000	0.000000
25	G	O	0.999069	0.000048	0.000043	0.000852	0.000000	0.000001	0.000000	0.000000	0.000000	0.000000	0.000000	0.000000	0.000000	0.000000	0.000000	0.000000	0.000000	0.000000
26	G	O	0.999317	0.000043	0.000039	0.000610	0.000000	0.000000	0.000000	0.000000	0.000000	0.000000	0.000000	0.000000	0.000000	0.000000	0.000000	0.000000	0.000000	0.000000
27	G	O	0.999509	0.000038	0.000038	0.000429	0.000000	0.000000	0.000000	0.000000	0.000000	0.000000	0.000000	0.000000	0.000000	0.000000	0.000000	0.000000	0.000000	0.000000
28	T	O	0.999628	0.000032	0.000038	0.000310	0.000000	0.000000	0.000000	0.000000	0.000000	0.000000	0.000000	0.000000	0.000000	0.000000	0.000000	0.000000	0.000000	0.000000
29	I	O	0.999696	0.000027	0.000038	0.000248	0.000000	0.000000	0.000000	0.000000	0.000000	0.000000	0.000000	0.000000	0.000000	0.000000	0.000000	0.000000	0.000000	0.000000
30	H	O	0.999734	0.000023	0.000035	0.000220	0.000000	0.000000	0.000000	0.000000	0.000000	0.000000	0.000000	0.000000	0.000000	0.000000	0.000000	0.000000	0.000000	0.000000
31	Y	O	0.999761	0.000019	0.000032	0.000204	0.000000	0.000000	0.000000	0.000000	0.000000	0.000000	0.000000	0.000000	0.000000	0.000000	0.000000	0.000000	0.000000	0.000000
32	P	O	0.999781	0.000016	0.000028	0.000195	0.000000	0.000000	0.000000	0.000000	0.000000	0.000000	0.000000	0.000000	0.000000	0.000000	0.000000	0.000000	0.000000	0.000000
33	T	O	0.999790	0.000013	0.000024	0.000189	0.000000	0.000000	0.000000	0.000000	0.000000	0.000000	0.000000	0.000000	0.000000	0.000000	0.000000	0.000000	0.000000	0.000000
34	T	O	0.999798	0.000010	0.000020	0.000187	0.000000	0.000000	0.000000	0.000000	0.000000	0.000000	0.000000	0.000000	0.000000	0.000000	0.000000	0.000000	0.000000	0.000000
35	T	O	0.999811	0.000008	0.000015	0.000184	0.000000	0.000000	0.000000	0.000000	0.000000	0.000000	0.000000	0.000000	0.000000	0.000000	0.000000	0.000000	0.000000	0.000000
36	S	O	0.999818	0.000007	0.000012	0.000178	0.000000	0.000000	0.000000	0.000000	0.000000	0.000000	0.000000	0.000000	0.000000	0.000000	0.000000	0.000000	0.000000	0.000000
37	A	O	0.999837	0.000006	0.000010	0.000166	0.000000	0.000000	0.000000	0.000000	0.000000	0.000000	0.000000	0.000000	0.000000	0.000000	0.000000	0.000000	0.000000	0.000000
38	G	O	0.999851	0.000005	0.000009	0.000148	0.000000	0.000000	0.000000	0.000000	0.000000	0.000000	0.000000	0.000000	0.000000	0.000000	0.000000	0.000000	0.000000	0.000000
39	T	O	0.999876	0.000004	0.000008	0.000127	0.000000	0.000000	0.000000	0.000000	0.000000	0.000000	0.000000	0.000000	0.000000	0.000000	0.000000	0.000000	0.000000	0.000000
40	F	O	0.999895	0.000003	0.000008	0.000108	0.000000	0.000000	0.000000	0.000000	0.000000	0.000000	0.000000	0.000000	0.000000	0.000000	0.000000	0.000000	0.000000	0.000000
41	G	O	0.999910	0.000002	0.000007	0.000093	0.000000	0.000000	0.000000	0.000000	0.000000	0.000000	0.000000	0.000000	0.000000	0.000000	0.000000	0.000000	0.000000	0.000000
42	V	O	0.999927	0.000002	0.000006	0.000080	0.000000	0.000000	0.000000	0.000000	0.000000	0.000000	0.000000	0.000000	0.000000	0.000000	0.000000	0.000000	0.000000	0.000000
43	V	O	0.999937	0.000001	0.000005	0.000070	0.000000	0.000000	0.000000	0.000000	0.000000	0.000000	0.000000	0.000000	0.000000	0.000000	0.000000	0.000000	0.000000	0.000000
44	A	O	0.999949	0.000001	0.000004	0.000062	0.000000	0.000000	0.000000	0.000000	0.000000	0.000000	0.000000	0.000000	0.000000	0.000000	0.000000	0.000000	0.000000	0.000000
45	I	O	0.999958	0.000001	0.000003	0.000054	0.000000	0.000000	0.000000	0.000000	0.000000	0.000000	0.000000	0.000000	0.000000	0.000000	0.000000	0.000000	0.000000	0.000000
46	A	O	0.999964	0.000001	0.000003	0.000047	0.000000	0.000000	0.000000	0.000000	0.000000	0.000000	0.000000	0.000000	0.000000	0.000000	0.000000	0.000000	0.000000	0.000000
47	P	O	0.999967	0.000000	0.000002	0.000041	0.000000	0.000000	0.000000	0.000000	0.000000	0.000000	0.000000	0.000000	0.000000	0.000000	0.000000	0.000000	0.000000	0.000000
48	G	O	0.999973	0.000000	0.000001	0.000035	0.000000	0.000000	0.000000	0.000000	0.000000	0.000000	0.000000	0.000000	0.000000	0.000000	0.000000	0.000000	0.000000	0.000000
49	Y	O	0.999981	0.000000	0.000001	0.000030	0.000000	0.000000	0.000000	0.000000	0.000000	0.000000	0.000000	0.000000	0.000000	0.000000	0.000000	0.000001	0.000000	0.000000
50	T	O	0.999985	0.000000	0.000001	0.000026	0.000000	0.000000	0.000000	0.000000	0.000000	0.000000	0.000001	0.000000	0.000000	0.000000	0.000000	0.000001	0.000000	0.000000
51	A	O	0.999990	0.000000	0.000001	0.000023	0.000000	0.000000	0.000000	0.000001	0.000000	0.000000	0.000001	0.000000	0.000000	0.000000	0.000000	0.000001	0.000000	0.000000
52	R	O	0.999992	0.000000	0.000000	0.000019	0.000000	0.000000	0.000000	0.000001	0.000000	0.000000	0.000001	0.000000	0.000000	0.000000	0.000000	0.000001	0.000000	0.000000
53	E	O	0.999994	0.000000	0.000000	0.000016	0.000000	0.000000	0.000000	0.000001	0.000000	0.000001	0.000001	0.000000	0.000000	0.000000	0.000000	0.000001	0.000000	0.000000
54	S	O	1.000002	0.000000	0.000000	0.000013	0.000000	0.000000	0.000000	0.000001	0.000000	0.000001	0.000001	0.000000	0.000000	0.000000	0.000000	0.000001	0.000000	0.000001
55	S	O	1.000001	0.000000	0.000000	0.000011	0.000001	0.000001	0.000000	0.000002	0.000000	0.000001	0.000001	0.000000	0.000000	0.000000	0.000000	0.000002	0.000001	0.000001
56	I	O	1.000001	0.000000	0.000000	0.000009	0.000001	0.000001	0.000000	0.000002	0.000000	0.000002	0.000002	0.000000	0.000000	0.000000	0.000000	0.000002	0.000001	0.000001
57	A	O	1.000000	0.000000	0.000000	0.000008	0.000001	0.000001	0.000000	0.000003	0.000000	0.000002	0.000003	0.000000	0.000000	0.000000	0.000000	0.000002	0.000001	0.000001
58	W	O	0.999988	0.000000	0.000000	0.000006	0.000001	0.000001	0.000000	0.000004	0.000000	0.000002	0.000003	0.000000	0.000000	0.000000	0.000000	0.000003	0.000001	0.000001
59	L	O	0.999992	0.000000	0.000000	0.000005	0.000001	0.000001	0.000000	0.000004	0.000001	0.000003	0.000004	0.000000	0.000000	0.000000	0.000000	0.000003	0.000001	0.000001
60	G	O	0.999984	0.000000	0.000000	0.000004	0.000001	0.000001	0.000001	0.000005	0.000001	0.000004	0.000005	0.000000	0.000000	0.000000	0.000000	0.000004	0.000001	0.000001
61	P	O	0.999981	0.000000	0.000000	0.000003	0.000001	0.000002	0.000001	0.000006	0.000001	0.000005	0.000007	0.000000	0.000000	0.000000	0.000000	0.000005	0.000002	0.000002
62	R	O	0.999976	0.000000	0.000000	0.000002	0.000001	0.000002	0.000001	0.000007	0.000001	0.000006	0.000009	0.000000	0.000000	0.000001	0.000001	0.000006	0.000002	0.000002
63	L	O	0.999974	0.000000	0.000000	0.000002	0.000001	0.000002	0.000001	0.000008	0.000001	0.000008	0.000011	0.000000	0.000000	0.000001	0.000001	0.000007	0.000003	0.000002
64	A	O	0.999960	0.000000	0.000000	0.000001	0.000001	0.000003	0.000001	0.000009	0.000001	0.000010	0.000015	0.000000	0.000000	0.000001	0.000001	0.000008	0.000003	0.000003
65	S	O	0.999950	0.000000	0.000000	0.000001	0.000001	0.000003	0.000001	0.000008	0.000001	0.000013	0.000020	0.000000	0.000000	0.000001	0.000002	0.000008	0.000005	0.000004
66	Q	O	0.999950	0.000000	0.000000	0.000001	0.000000	0.000003	0.000002	0.000006	0.000001	0.000014	0.000025	0.000000	0.000000	0.000001	0.000002	0.000006	0.000006	0.000005
67	G	O	0.999937	0.000000	0.000000	0.000000	0.000000	0.000003	0.000002	0.000004	0.000000	0.000013	0.000029	0.000000	0.000000	0.000002	0.000003	0.000004	0.000007	0.000007
68	F	O	0.999946	0.000000	0.000000	0.000000	0.000000	0.000002	0.000003	0.000000	0.000000	0.000011	0.000029	0.000000	0.000000	0.000001	0.000004	0.000000	0.000006	0.000009
69	V	O	0.999957	0.000000	0.000000	0.000000	0.000000	0.000000	0.000003	0.000000	0.000000	0.000000	0.000032	0.000000	0.000000	0.000000	0.000006	0.000000	0.000000	0.000011
70	V	O	1.000001	0.000000	0.000000	0.000000	0.000000	0.000000	0.000000	0.000000	0.000000	0.000000	0.000000	0.000000	0.000000	0.000000	0.000000	0.000000	0.000000	0.000000
