# Name=tournament_wt_261
# pos	aa	label	Other	Sec/SPI n	Sec/SPI h	Sec/SPI c	Sec/SPII n	Sec/SPII h	Sec/SPII cys	Tat/SPI n	Tat/SPI RR	Tat/SPI h	Tat/SPI c	Tat/SPII n	Tat/SPII RR	Tat/SPII h	Tat/SPII cys	Sec/SPIII P	Sec/SPIII cons.	Sec/SPIII h
1	A	O	0.996233	0.003646	0.000000	0.000000	0.000116	0.000000	0.000000	0.000001	0.000000	0.000000	0.000000	0.000000	0.000000	0.000000	0.000000	0.000020	0.000000	0.000000
2	L	O	0.996239	0.002780	0.000866	0.000000	0.000083	0.000032	0.000000	0.000001	0.000000	0.000000	0.000000	0.000000	0.000000	0.000000	0.000000	0.000016	0.000004	0.000000
3	D	O	0.996241	0.002302	0.001134	0.000210	0.000064	0.000052	0.000000	0.000001	0.000000	0.000000	0.000000	0.000000	0.000000	0.000000	0.000000	0.000013	0.000004	0.000003
4	A	O	0.996261	0.001842	0.001356	0.000434	0.000048	0.000059	0.000009	0.000000	0.000000	0.000000	0.000000	0.000000	0.000000	0.000000	0.000000	0.000011	0.000004	0.000004
5	S	O	0.996299	0.001471	0.001421	0.000711	0.000037	0.000058	0.000012	0.000000	0.000000	0.000000	0.000000	0.000000	0.000000	0.000000	0.000000	0.000009	0.000003	0.000003
6	R	O	0.996346	0.001142	0.001395	0.001030	0.000028	0.000053	0.000014	0.000000	0.000000	0.000000	0.000000	0.000000	0.000000	0.000000	0.000000	0.000007	0.000002	0.000003
7	G	O	0.996413	0.000858	0.001305	0.001357	0.000021	0.000047	0.000013	0.000000	0.000000	0.000000	0.000000	0.000000	0.000000	0.000000	0.000000	0.000006	0.000002	0.000002
8	P	O	0.996494	0.000649	0.001139	0.001663	0.000016	0.000041	0.000012	0.000000	0.000000	0.000000	0.000000	0.000000	0.000000	0.000000	0.000000	0.000005	0.000002	0.000002
9	F	O	0.996599	0.000491	0.000949	0.001923	0.000011	0.000035	0.000010	0.000000	0.000000	0.000000	0.000000	0.000000	0.000000	0.000000	0.000000	0.000004	0.000001	0.000001
10	A	O	0.996727	0.000393	0.000703	0.002146	0.000008	0.000030	0.000008	0.000000	0.000000	0.000000	0.000000	0.000000	0.000000	0.000000	0.000000	0.000003	0.000001	0.000001
11	T	O	0.996942	0.000319	0.000548	0.002166	0.000006	0.000023	0.000009	0.000000	0.000000	0.000000	0.000000	0.000000	0.000000	0.000000	0.000000	0.000003	0.000001	0.000001
12	A	O	0.997238	0.000263	0.000439	0.002048	0.000005	0.000016	0.000008	0.000000	0.000000	0.000000	0.000000	0.000000	0.000000	0.000000	0.000000	0.000002	0.000001	0.000001
13	Q	O	0.997751	0.000212	0.000404	0.001630	0.000004	0.000012	0.000005	0.000000	0.000000	0.000000	0.000000	0.000000	0.000000	0.000000	0.000000	0.000002	0.000001	0.000001
14	Q	O	0.998054	0.000167	0.000357	0.001429	0.000003	0.000010	0.000003	0.000000	0.000000	0.000000	0.000000	0.000000	0.000000	0.000000	0.000000	0.000001	0.000001	0.000001
15	T	O	0.998283	0.000130	0.000308	0.001289	0.000002	0.000008	0.000003	0.000000	0.000000	0.000000	0.000000	0.000000	0.000000	0.000000	0.000000	0.000001	0.000000	0.000001
16	V	O	0.998502	0.000101	0.000263	0.001145	0.000001	0.000007	0.000002	0.000000	0.000000	0.000000	0.000000	0.000000	0.000000	0.000000	0.000000	0.000001	0.000000	0.000000
17	S	O	0.998680	0.000079	0.000211	0.001049	0.000001	0.000006	0.000002	0.000000	0.000000	0.000000	0.000000	0.000000	0.000000	0.000000	0.000000	0.000001	0.000000	0.000000
18	S	O	0.998879	0.000060	0.000176	0.000902	0.000001	0.000004	0.000001	0.000000	0.000000	0.000000	0.000000	0.000000	0.000000	0.000000	0.000000	0.000001	0.000000	0.000000
19	I	O	0.999057	0.000045	0.000149	0.000764	0.000000	0.000003	0.000001	0.000000	0.000000	0.000000	0.000000	0.000000	0.000000	0.000000	0.000000	0.000000	0.000000	0.000000
20	S	O	0.999191	0.000035	0.000112	0.000679	0.000000	0.000003	0.000001	0.000000	0.000000	0.000000	0.000000	0.000000	0.000000	0.000000	0.000000	0.000000	0.000000	0.000000
21	V	O	0.999324	0.000028	0.000084	0.000581	0.000000	0.000002	0.000001	0.000000	0.000000	0.000000	0.000000	0.000000	0.000000	0.000000	0.000000	0.000000	0.000000	0.000000
22	S	O	0.999446	0.000024	0.000057	0.000493	0.000000	0.000002	0.000001	0.000000	0.000000	0.000000	0.000000	0.000000	0.000000	0.000000	0.000000	0.000000	0.000000	0.000000
23	G	O	0.999568	0.000020	0.000041	0.000390	0.000000	0.000001	0.000001	0.000000	0.000000	0.000000	0.000000	0.000000	0.000000	0.000000	0.000000	0.000000	0.000000	0.000000
24	F	O	0.999700	0.000018	0.000033	0.000272	0.000000	0.000001	0.000000	0.000000	0.000000	0.000000	0.000000	0.000000	0.000000	0.000000	0.000000	0.000000	0.000000	0.000000
25	G	O	0.999777	0.000015	0.000026	0.000199	0.000000	0.000000	0.000000	0.000000	0.000000	0.000000	0.000000	0.000000	0.000000	0.000000	0.000000	0.000000	0.000000	0.000000
26	G	O	0.999853	0.000013	0.000023	0.000135	0.000000	0.000000	0.000000	0.000000	0.000000	0.000000	0.000000	0.000000	0.000000	0.000000	0.000000	0.000000	0.000000	0.000000
27	G	O	0.999902	0.000011	0.000021	0.000094	0.000000	0.000000	0.000000	0.000000	0.000000	0.000000	0.000000	0.000000	0.000000	0.000000	0.000000	0.000000	0.000000	0.000000
28	V	O	0.999927	0.000009	0.000020	0.000068	0.000000	0.000000	0.000000	0.000000	0.000000	0.000000	0.000000	0.000000	0.000000	0.000000	0.000000	0.000000	0.000000	0.000000
29	I	O	0.999946	0.000007	0.000018	0.000055	0.000000	0.000000	0.000000	0.000000	0.000000	0.000000	0.000000	0.000000	0.000000	0.000000	0.000000	0.000000	0.000000	0.000000
30	Y	O	0.999954	0.000006	0.000016	0.000049	0.000000	0.000000	0.000000	0.000000	0.000000	0.000000	0.000000	0.000000	0.000000	0.000000	0.000000	0.000000	0.000000	0.000000
31	Y	O	0.999957	0.000005	0.000014	0.000046	0.000000	0.000000	0.000000	0.000000	0.000000	0.000000	0.000000	0.000000	0.000000	0.000000	0.000000	0.000000	0.000000	0.000000
32	P	O	0.999963	0.000003	0.000012	0.000045	0.000000	0.000000	0.000000	0.000000	0.000000	0.000000	0.000000	0.000000	0.000000	0.000000	0.000000	0.000000	0.000000	0.000000
33	T	O	0.999968	0.000003	0.000009	0.000045	0.000000	0.000000	0.000000	0.000000	0.000000	0.000000	0.000000	0.000000	0.000000	0.000000	0.000000	0.000000	0.000000	0.000000
34	S	O	0.999965	0.000002	0.000006	0.000046	0.000000	0.000000	0.000000	0.000000	0.000000	0.000000	0.000000	0.000000	0.000000	0.000000	0.000000	0.000000	0.000000	0.000000
35	T	O	0.999962	0.000002	0.000004	0.000047	0.000000	0.000000	0.000000	0.000000	0.000000	0.000000	0.000000	0.000000	0.000000	0.000000	0.000000	0.000000	0.000000	0.000000
36	A	O	0.999971	0.000001	0.000002	0.000045	0.000000	0.000000	0.000000	0.000000	0.000000	0.000000	0.000000	0.000000	0.000000	0.000000	0.000000	0.000000	0.000000	0.000000
37	E	O	0.999977	0.000001	0.000002	0.000041	0.000000	0.000000	0.000000	0.000000	0.000000	0.000000	0.000000	0.000000	0.000000	0.000000	0.000000	0.000000	0.000000	0.000000
38	G	O	0.999985	0.000001	0.000001	0.000035	0.000000	0.000000	0.000000	0.000000	0.000000	0.000000	0.000000	0.000000	0.000000	0.000000	0.000000	0.000000	0.000000	0.000000
39	T	O	0.999992	0.000001	0.000001	0.000030	0.000000	0.000000	0.000000	0.000000	0.000000	0.000000	0.000000	0.000000	0.000000	0.000000	0.000000	0.000000	0.000000	0.000000
40	F	O	0.999998	0.000001	0.000001	0.000025	0.000000	0.000000	0.000000	0.000000	0.000000	0.000000	0.000000	0.000000	0.000000	0.000000	0.000000	0.000000	0.000000	0.000000
41	G	O	1.000004	0.000000	0.000001	0.000021	0.000000	0.000000	0.000000	0.000000	0.000000	0.000000	0.000000	0.000000	0.000000	0.000000	0.000000	0.000000	0.000000	0.000000
42	A	O	1.000011	0.000000	0.000001	0.000016	0.000000	0.000000	0.000000	0.000000	0.000000	0.000000	0.000000	0.000000	0.000000	0.000000	0.000000	0.000000	0.000000	0.000000
43	V	O	1.000012	0.000000	0.000000	0.000013	0.000000	0.000000	0.000000	0.000000	0.000000	0.000000	0.000000	0.000000	0.000000	0.000000	0.000000	0.000000	0.000000	0.000000
44	A	O	1.000015	0.000000	0.000000	0.000010	0.000000	0.000000	0.000000	0.000000	0.000000	0.000000	0.000000	0.000000	0.000000	0.000000	0.000000	0.000000	0.000000	0.000000
45	I	O	1.000015	0.000000	0.000000	0.000008	0.000000	0.000000	0.000000	0.000000	0.000000	0.000000	0.000000	0.000000	0.000000	0.000000	0.000000	0.000000	0.000000	0.000000
46	A	O	1.000021	0.000000	0.000000	0.000007	0.000000	0.000000	0.000000	0.000000	0.000000	0.000000	0.000000	0.000000	0.000000	0.000000	0.000000	0.000000	0.000000	0.000000
47	P	O	1.000020	0.000000	0.000000	0.000005	0.000000	0.000000	0.000000	0.000000	0.000000	0.000000	0.000000	0.000000	0.000000	0.000000	0.000000	0.000000	0.000000	0.000000
48	G	O	1.000022	0.000000	0.000000	0.000004	0.000000	0.000000	0.000000	0.000000	0.000000	0.000000	0.000000	0.000000	0.000000	0.000000	0.000000	0.000000	0.000000	0.000000
49	F	O	1.000019	0.000000	0.000000	0.000003	0.000000	0.000000	0.000000	0.000000	0.000000	0.000000	0.000000	0.000000	0.000000	0.000000	0.000000	0.000000	0.000000	0.000000
50	T	O	1.000024	0.000000	0.000000	0.000002	0.000000	0.000000	0.000000	0.000000	0.000000	0.000000	0.000000	0.000000	0.000000	0.000000	0.000000	0.000000	0.000000	0.000000
51	E	O	1.000018	0.000000	0.000000	0.000002	0.000000	0.000000	0.000000	0.000000	0.000000	0.000000	0.000000	0.000000	0.000000	0.000000	0.000000	0.000000	0.000000	0.000000
52	T	O	1.000021	0.000000	0.000000	0.000002	0.000000	0.000000	0.000000	0.000000	0.000000	0.000000	0.000000	0.000000	0.000000	0.000000	0.000000	0.000001	0.000000	0.000000
53	W	O	1.000017	0.000000	0.000000	0.000001	0.000000	0.000000	0.000000	0.000001	0.000000	0.000000	0.000000	0.000000	0.000000	0.000000	0.000000	0.000001	0.000000	0.000000
54	S	O	1.000019	0.000000	0.000000	0.000001	0.000000	0.000000	0.000000	0.000001	0.000000	0.000000	0.000001	0.000000	0.000000	0.000000	0.000000	0.000001	0.000000	0.000000
55	N	O	1.000021	0.000000	0.000000	0.000001	0.000000	0.000000	0.000000	0.000001	0.000000	0.000001	0.000001	0.000000	0.000000	0.000000	0.000000	0.000001	0.000000	0.000000
56	L	O	1.000019	0.000000	0.000000	0.000001	0.000000	0.000000	0.000000	0.000002	0.000000	0.000001	0.000001	0.000000	0.000000	0.000000	0.000000	0.000001	0.000000	0.000000
57	D	O	1.000012	0.000000	0.000000	0.000000	0.000001	0.000001	0.000000	0.000003	0.000000	0.000001	0.000001	0.000000	0.000000	0.000000	0.000000	0.000002	0.000001	0.000001
58	W	O	1.000013	0.000000	0.000000	0.000000	0.000001	0.000001	0.000000	0.000003	0.000000	0.000002	0.000002	0.000000	0.000000	0.000000	0.000000	0.000002	0.000001	0.000001
59	L	O	1.000012	0.000000	0.000000	0.000000	0.000001	0.000001	0.000000	0.000005	0.000001	0.000003	0.000002	0.000000	0.000000	0.000000	0.000000	0.000003	0.000001	0.000001
60	G	O	1.000000	0.000000	0.000000	0.000000	0.000001	0.000001	0.000000	0.000006	0.000001	0.000004	0.000004	0.000000	0.000000	0.000000	0.000000	0.000004	0.000001	0.000001
61	P	O	0.999999	0.000000	0.000000	0.000000	0.000001	0.000001	0.000001	0.000007	0.000001	0.000005	0.000006	0.000000	0.000000	0.000000	0.000000	0.000005	0.000001	0.000001
62	R	O	0.999992	0.000000	0.000000	0.000000	0.000002	0.000002	0.000001	0.000009	0.000001	0.000007	0.000008	0.000000	0.000000	0.000001	0.000001	0.000007	0.000002	0.000002
63	I	O	0.999979	0.000000	0.000000	0.000000	0.000001	0.000003	0.000001	0.000011	0.000001	0.000010	0.000012	0.000000	0.000000	0.000001	0.000001	0.000008	0.000003	0.000002
64	A	O	0.999968	0.000000	0.000000	0.000000	0.000001	0.000004	0.000001	0.000011	0.000001	0.000012	0.000017	0.000000	0.000000	0.000001	0.000001	0.000009	0.000004	0.000003
65	S	O	0.999950	0.000000	0.000000	0.000000	0.000001	0.000004	0.000001	0.000010	0.000001	0.000015	0.000024	0.000000	0.000000	0.000001	0.000002	0.000009	0.000005	0.000004
66	H	O	0.999947	0.000000	0.000000	0.000000	0.000000	0.000004	0.000002	0.000006	0.000001	0.000016	0.000028	0.000000	0.000000	0.000002	0.000002	0.000007	0.000007	0.000006
67	G	O	0.999947	0.000000	0.000000	0.000000	0.000000	0.000004	0.000002	0.000004	0.000000	0.000014	0.000033	0.000000	0.000000	0.000002	0.000002	0.000004	0.000007	0.000008
68	F	O	0.999951	0.000000	0.000000	0.000000	0.000000	0.000002	0.000003	0.000000	0.000000	0.000010	0.000030	0.000000	0.000000	0.000001	0.000003	0.000000	0.000007	0.000009
69	V	O	0.999960	0.000000	0.000000	0.000000	0.000000	0.000000	0.000003	0.000000	0.000000	0.000000	0.000028	0.000000	0.000000	0.000000	0.000005	0.000000	0.000000	0.000011
70	V	O	1.000000	0.000000	0.000000	0.000000	0.000000	0.000000	0.000000	0.000000	0.000000	0.000000	0.000000	0.000000	0.000000	0.000000	0.000000	0.000000	0.000000	0.000000
