# Name=tournament_wt_229
# pos	aa	label	Other	Sec/SPI n	Sec/SPI h	Sec/SPI c	Sec/SPII n	Sec/SPII h	Sec/SPII cys	Tat/SPI n	Tat/SPI RR	Tat/SPI h	Tat/SPI c	Tat/SPII n	Tat/SPII RR	Tat/SPII h	Tat/SPII cys	Sec/SPIII P	Sec/SPIII cons.	Sec/SPIII h
1	S	O	0.978349	0.021558	0.000000	0.000000	0.000088	0.000000	0.000000	0.000000	0.000000	0.000000	0.000000	0.000000	0.000000	0.000000	0.000000	0.000003	0.000000	0.000000
2	I	O	0.978346	0.014501	0.007057	0.000000	0.000063	0.000025	0.000000	0.000000	0.000000	0.000000	0.000000	0.000000	0.000000	0.000000	0.000000	0.000003	0.000000	0.000000
3	E	O	0.978350	0.012180	0.007399	0.001978	0.000051	0.000037	0.000000	0.000000	0.000000	0.000000	0.000000	0.000000	0.000000	0.000000	0.000000	0.000002	0.000000	0.000000
4	A	O	0.978366	0.010184	0.007729	0.003623	0.000041	0.000042	0.000005	0.000000	0.000000	0.000000	0.000000	0.000000	0.000000	0.000000	0.000000	0.000002	0.000000	0.000000
5	A	O	0.978448	0.008864	0.007376	0.005227	0.000035	0.000041	0.000007	0.000000	0.000000	0.000000	0.000000	0.000000	0.000000	0.000000	0.000000	0.000002	0.000000	0.000000
6	S	O	0.978584	0.007838	0.006792	0.006712	0.000030	0.000037	0.000010	0.000000	0.000000	0.000000	0.000000	0.000000	0.000000	0.000000	0.000000	0.000002	0.000000	0.000000
7	G	O	0.978839	0.006810	0.006672	0.007619	0.000026	0.000032	0.000009	0.000000	0.000000	0.000000	0.000000	0.000000	0.000000	0.000000	0.000000	0.000002	0.000000	0.000000
8	P	O	0.979182	0.005908	0.006516	0.008345	0.000022	0.000027	0.000008	0.000000	0.000000	0.000000	0.000000	0.000000	0.000000	0.000000	0.000000	0.000001	0.000000	0.000000
9	Y	O	0.979553	0.005085	0.006316	0.009013	0.000019	0.000024	0.000006	0.000000	0.000000	0.000000	0.000000	0.000000	0.000000	0.000000	0.000000	0.000001	0.000000	0.000000
10	P	O	0.979951	0.004351	0.006041	0.009628	0.000016	0.000022	0.000005	0.000000	0.000000	0.000000	0.000000	0.000000	0.000000	0.000000	0.000000	0.000001	0.000000	0.000000
11	V	O	0.980516	0.003663	0.005930	0.009864	0.000014	0.000021	0.000004	0.000000	0.000000	0.000000	0.000000	0.000000	0.000000	0.000000	0.000000	0.000001	0.000000	0.000000
12	S	O	0.981089	0.003110	0.005617	0.010166	0.000011	0.000020	0.000003	0.000000	0.000000	0.000000	0.000000	0.000000	0.000000	0.000000	0.000000	0.000001	0.000000	0.000000
13	R	O	0.981817	0.002544	0.005502	0.010115	0.000009	0.000018	0.000004	0.000000	0.000000	0.000000	0.000000	0.000000	0.000000	0.000000	0.000000	0.000001	0.000000	0.000000
14	A	O	0.982918	0.001865	0.005721	0.009485	0.000007	0.000018	0.000003	0.000000	0.000000	0.000000	0.000000	0.000000	0.000000	0.000000	0.000000	0.000001	0.000000	0.000000
15	F	O	0.984171	0.001267	0.005901	0.008649	0.000005	0.000017	0.000002	0.000000	0.000000	0.000000	0.000000	0.000000	0.000000	0.000000	0.000000	0.000001	0.000000	0.000000
16	V	O	0.985366	0.000824	0.005860	0.007941	0.000004	0.000017	0.000002	0.000000	0.000000	0.000000	0.000000	0.000000	0.000000	0.000000	0.000000	0.000000	0.000000	0.000000
17	S	O	0.986328	0.000547	0.005481	0.007643	0.000003	0.000016	0.000002	0.000000	0.000000	0.000000	0.000000	0.000000	0.000000	0.000000	0.000000	0.000000	0.000000	0.000000
18	S	O	0.987444	0.000343	0.005064	0.007148	0.000002	0.000015	0.000002	0.000000	0.000000	0.000000	0.000000	0.000000	0.000000	0.000000	0.000000	0.000000	0.000000	0.000000
19	F	O	0.988703	0.000200	0.004614	0.006488	0.000001	0.000013	0.000002	0.000000	0.000000	0.000000	0.000000	0.000000	0.000000	0.000000	0.000000	0.000000	0.000000	0.000000
20	S	O	0.989713	0.000116	0.003914	0.006258	0.000001	0.000012	0.000002	0.000000	0.000000	0.000000	0.000000	0.000000	0.000000	0.000000	0.000000	0.000000	0.000000	0.000000
21	V	O	0.990848	0.000060	0.003232	0.005860	0.000000	0.000011	0.000002	0.000000	0.000000	0.000000	0.000000	0.000000	0.000000	0.000000	0.000000	0.000000	0.000000	0.000000
22	T	O	0.991844	0.000035	0.002303	0.005825	0.000000	0.000009	0.000002	0.000000	0.000000	0.000000	0.000000	0.000000	0.000000	0.000000	0.000000	0.000000	0.000000	0.000000
23	G	O	0.993048	0.000023	0.001481	0.005456	0.000000	0.000007	0.000002	0.000000	0.000000	0.000000	0.000000	0.000000	0.000000	0.000000	0.000000	0.000000	0.000000	0.000000
24	F	O	0.994744	0.000017	0.000949	0.004301	0.000000	0.000005	0.000002	0.000000	0.000000	0.000000	0.000000	0.000000	0.000000	0.000000	0.000000	0.000000	0.000000	0.000000
25	G	O	0.996054	0.000013	0.000509	0.003442	0.000000	0.000003	0.000002	0.000000	0.000000	0.000000	0.000000	0.000000	0.000000	0.000000	0.000000	0.000000	0.000000	0.000000
26	G	O	0.997536	0.000011	0.000326	0.002147	0.000000	0.000001	0.000001	0.000000	0.000000	0.000000	0.000000	0.000000	0.000000	0.000000	0.000000	0.000000	0.000000	0.000000
27	G	O	0.998551	0.000009	0.000229	0.001232	0.000000	0.000001	0.000001	0.000000	0.000000	0.000000	0.000000	0.000000	0.000000	0.000000	0.000000	0.000000	0.000000	0.000000
28	T	O	0.999160	0.000007	0.000178	0.000673	0.000000	0.000000	0.000000	0.000000	0.000000	0.000000	0.000000	0.000000	0.000000	0.000000	0.000000	0.000000	0.000000	0.000000
29	I	O	0.999444	0.000006	0.000139	0.000431	0.000000	0.000000	0.000000	0.000000	0.000000	0.000000	0.000000	0.000000	0.000000	0.000000	0.000000	0.000000	0.000000	0.000000
30	Y	O	0.999592	0.000005	0.000106	0.000320	0.000000	0.000000	0.000000	0.000000	0.000000	0.000000	0.000000	0.000000	0.000000	0.000000	0.000000	0.000000	0.000000	0.000000
31	Y	O	0.999694	0.000004	0.000080	0.000254	0.000000	0.000000	0.000000	0.000000	0.000000	0.000000	0.000000	0.000000	0.000000	0.000000	0.000000	0.000000	0.000000	0.000000
32	P	O	0.999752	0.000003	0.000059	0.000213	0.000000	0.000000	0.000000	0.000000	0.000000	0.000000	0.000000	0.000000	0.000000	0.000000	0.000000	0.000000	0.000000	0.000000
33	T	O	0.999797	0.000002	0.000044	0.000184	0.000000	0.000000	0.000000	0.000000	0.000000	0.000000	0.000000	0.000000	0.000000	0.000000	0.000000	0.000000	0.000000	0.000000
34	T	O	0.999827	0.000002	0.000030	0.000171	0.000000	0.000000	0.000000	0.000000	0.000000	0.000000	0.000000	0.000000	0.000000	0.000000	0.000000	0.000000	0.000000	0.000000
35	T	O	0.999847	0.000001	0.000018	0.000164	0.000000	0.000000	0.000000	0.000000	0.000000	0.000000	0.000000	0.000000	0.000000	0.000000	0.000000	0.000000	0.000000	0.000000
36	G	O	0.999866	0.000001	0.000010	0.000154	0.000000	0.000000	0.000000	0.000000	0.000000	0.000000	0.000000	0.000000	0.000000	0.000000	0.000000	0.000000	0.000000	0.000000
37	E	O	0.999888	0.000001	0.000006	0.000135	0.000000	0.000000	0.000000	0.000000	0.000000	0.000000	0.000000	0.000000	0.000000	0.000000	0.000000	0.000000	0.000000	0.000000
38	G	O	0.999917	0.000001	0.000004	0.000115	0.000000	0.000000	0.000000	0.000000	0.000000	0.000000	0.000000	0.000000	0.000000	0.000000	0.000000	0.000000	0.000000	0.000000
39	T	O	0.999936	0.000001	0.000003	0.000095	0.000000	0.000000	0.000000	0.000000	0.000000	0.000000	0.000000	0.000000	0.000000	0.000000	0.000000	0.000000	0.000000	0.000000
40	F	O	0.999951	0.000001	0.000002	0.000079	0.000000	0.000000	0.000000	0.000000	0.000000	0.000000	0.000000	0.000000	0.000000	0.000000	0.000000	0.000000	0.000000	0.000000
41	G	O	0.999966	0.000000	0.000001	0.000065	0.000000	0.000000	0.000000	0.000000	0.000000	0.000000	0.000000	0.000000	0.000000	0.000000	0.000000	0.000000	0.000000	0.000000
42	A	O	0.999978	0.000000	0.000001	0.000051	0.000000	0.000000	0.000000	0.000000	0.000000	0.000000	0.000000	0.000000	0.000000	0.000000	0.000000	0.000000	0.000000	0.000000
43	V	O	0.999989	0.000000	0.000001	0.000041	0.000000	0.000000	0.000000	0.000000	0.000000	0.000000	0.000000	0.000000	0.000000	0.000000	0.000000	0.000000	0.000000	0.000000
44	A	O	0.999987	0.000000	0.000001	0.000033	0.000000	0.000000	0.000000	0.000000	0.000000	0.000000	0.000000	0.000000	0.000000	0.000000	0.000000	0.000000	0.000000	0.000000
45	I	O	1.000000	0.000000	0.000001	0.000027	0.000000	0.000000	0.000000	0.000000	0.000000	0.000000	0.000000	0.000000	0.000000	0.000000	0.000000	0.000000	0.000000	0.000000
46	S	O	1.000001	0.000000	0.000000	0.000022	0.000000	0.000000	0.000000	0.000000	0.000000	0.000000	0.000000	0.000000	0.000000	0.000000	0.000000	0.000000	0.000000	0.000000
47	P	O	1.000006	0.000000	0.000000	0.000019	0.000000	0.000000	0.000000	0.000000	0.000000	0.000000	0.000000	0.000000	0.000000	0.000000	0.000000	0.000000	0.000000	0.000000
48	G	O	1.000012	0.000000	0.000000	0.000015	0.000000	0.000000	0.000000	0.000000	0.000000	0.000000	0.000000	0.000000	0.000000	0.000000	0.000000	0.000000	0.000000	0.000000
49	Y	O	1.000014	0.000000	0.000000	0.000013	0.000000	0.000000	0.000000	0.000000	0.000000	0.000000	0.000000	0.000000	0.000000	0.000000	0.000000	0.000001	0.000000	0.000000
50	T	O	1.000014	0.000000	0.000000	0.000011	0.000000	0.000000	0.000000	0.000000	0.000000	0.000000	0.000000	0.000000	0.000000	0.000000	0.000000	0.000001	0.000000	0.000000
51	A	O	1.000015	0.000000	0.000000	0.000009	0.000000	0.000000	0.000000	0.000000	0.000000	0.000000	0.000001	0.000000	0.000000	0.000000	0.000000	0.000001	0.000000	0.000000
52	R	O	1.000019	0.000000	0.000000	0.000007	0.000000	0.000000	0.000000	0.000001	0.000000	0.000000	0.000001	0.000000	0.000000	0.000000	0.000000	0.000001	0.000000	0.000000
53	Q	O	1.000018	0.000000	0.000000	0.000006	0.000000	0.000001	0.000000	0.000001	0.000000	0.000000	0.000001	0.000000	0.000000	0.000000	0.000000	0.000001	0.000001	0.000001
54	S	O	1.000013	0.000000	0.000000	0.000005	0.000000	0.000001	0.000000	0.000001	0.000000	0.000001	0.000001	0.000000	0.000000	0.000000	0.000000	0.000002	0.000001	0.000001
55	S	O	1.000018	0.000000	0.000000	0.000004	0.000001	0.000001	0.000000	0.000001	0.000000	0.000001	0.000001	0.000000	0.000000	0.000000	0.000000	0.000002	0.000001	0.000001
56	I	O	1.000019	0.000000	0.000000	0.000003	0.000001	0.000001	0.000000	0.000002	0.000000	0.000001	0.000002	0.000000	0.000000	0.000000	0.000000	0.000002	0.000001	0.000001
57	A	O	1.000015	0.000000	0.000000	0.000002	0.000001	0.000001	0.000001	0.000002	0.000000	0.000002	0.000003	0.000000	0.000000	0.000000	0.000000	0.000003	0.000001	0.000001
58	W	O	1.000010	0.000000	0.000000	0.000002	0.000001	0.000001	0.000001	0.000003	0.000000	0.000002	0.000003	0.000000	0.000000	0.000000	0.000000	0.000003	0.000001	0.000001
59	L	O	1.000002	0.000000	0.000000	0.000001	0.000001	0.000001	0.000001	0.000004	0.000000	0.000003	0.000004	0.000000	0.000000	0.000000	0.000000	0.000003	0.000002	0.000002
60	G	O	1.000002	0.000000	0.000000	0.000001	0.000001	0.000002	0.000001	0.000004	0.000001	0.000004	0.000005	0.000000	0.000000	0.000000	0.000000	0.000004	0.000002	0.000002
61	P	O	0.999992	0.000000	0.000000	0.000001	0.000001	0.000002	0.000001	0.000006	0.000001	0.000005	0.000008	0.000000	0.000000	0.000000	0.000001	0.000005	0.000002	0.000002
62	R	O	0.999988	0.000000	0.000000	0.000000	0.000001	0.000002	0.000001	0.000007	0.000001	0.000006	0.000011	0.000000	0.000000	0.000001	0.000001	0.000007	0.000003	0.000003
63	L	O	0.999977	0.000000	0.000000	0.000000	0.000001	0.000003	0.000001	0.000009	0.000001	0.000009	0.000014	0.000000	0.000000	0.000001	0.000001	0.000008	0.000004	0.000004
64	A	O	0.999965	0.000000	0.000000	0.000000	0.000001	0.000003	0.000002	0.000010	0.000001	0.000012	0.000020	0.000000	0.000000	0.000001	0.000002	0.000010	0.000005	0.000005
65	S	O	0.999941	0.000000	0.000000	0.000000	0.000001	0.000004	0.000002	0.000011	0.000001	0.000016	0.000028	0.000000	0.000000	0.000002	0.000003	0.000010	0.000007	0.000007
66	Q	O	0.999922	0.000000	0.000000	0.000000	0.000000	0.000004	0.000003	0.000009	0.000001	0.000018	0.000036	0.000000	0.000000	0.000002	0.000004	0.000009	0.000008	0.000009
67	G	O	0.999910	0.000000	0.000000	0.000000	0.000000	0.000004	0.000003	0.000006	0.000000	0.000019	0.000045	0.000000	0.000000	0.000002	0.000005	0.000006	0.000010	0.000011
68	F	O	0.999900	0.000000	0.000000	0.000000	0.000000	0.000003	0.000004	0.000000	0.000000	0.000019	0.000049	0.000000	0.000000	0.000003	0.000007	0.000000	0.000011	0.000014
69	V	O	0.999898	0.000000	0.000000	0.000000	0.000000	0.000000	0.000007	0.000000	0.000000	0.000000	0.000064	0.000000	0.000000	0.000000	0.000015	0.000000	0.000000	0.000021
70	V	O	0.999996	0.000000	0.000000	0.000000	0.000000	0.000000	0.000000	0.000000	0.000000	0.000000	0.000000	0.000000	0.000000	0.000000	0.000000	0.000000	0.000000	0.000000
