# Name=tournament_wt_279
# pos	aa	label	Other	Sec/SPI n	Sec/SPI h	Sec/SPI c	Sec/SPII n	Sec/SPII h	Sec/SPII cys	Tat/SPI n	Tat/SPI RR	Tat/SPI h	Tat/SPI c	Tat/SPII n	Tat/SPII RR	Tat/SPII h	Tat/SPII cys	Sec/SPIII P	Sec/SPIII cons.	Sec/SPIII h
1	A	O	0.950361	0.048963	0.000000	0.000000	0.000668	0.000000	0.000000	0.000004	0.000000	0.000000	0.000000	0.000003	0.000000	0.000000	0.000000	0.000009	0.000000	0.000000
2	L	O	0.950360	0.044236	0.004726	0.000000	0.000618	0.000051	0.000000	0.000004	0.000001	0.000000	0.000000	0.000002	0.000001	0.000000	0.000000	0.000008	0.000001	0.000000
3	L	O	0.950359	0.041678	0.006613	0.000672	0.000580	0.000088	0.000000	0.000004	0.000001	0.000000	0.000000	0.000002	0.000001	0.000000	0.000000	0.000008	0.000001	0.000000
4	E	O	0.950390	0.039867	0.007358	0.001705	0.000547	0.000120	0.000002	0.000003	0.000001	0.000000	0.000000	0.000002	0.000001	0.000000	0.000000	0.000007	0.000001	0.000001
5	A	O	0.950518	0.037622	0.008847	0.002336	0.000508	0.000155	0.000004	0.000003	0.000001	0.000000	0.000000	0.000002	0.000001	0.000000	0.000000	0.000007	0.000001	0.000001
6	A	O	0.950742	0.035307	0.010455	0.002824	0.000467	0.000192	0.000004	0.000003	0.000001	0.000000	0.000000	0.000002	0.000001	0.000000	0.000000	0.000006	0.000001	0.000000
7	R	O	0.951075	0.032532	0.012642	0.003084	0.000418	0.000234	0.000007	0.000003	0.000001	0.000000	0.000000	0.000002	0.000001	0.000000	0.000000	0.000006	0.000001	0.000000
8	G	O	0.951496	0.028277	0.016426	0.003141	0.000347	0.000300	0.000005	0.000003	0.000001	0.000001	0.000000	0.000002	0.000001	0.000000	0.000000	0.000005	0.000001	0.000000
9	P	O	0.952109	0.022896	0.021455	0.002883	0.000267	0.000374	0.000006	0.000003	0.000001	0.000001	0.000000	0.000001	0.000000	0.000001	0.000000	0.000005	0.000001	0.000000
10	F	O	0.952733	0.015916	0.028133	0.002566	0.000177	0.000458	0.000006	0.000002	0.000000	0.000001	0.000000	0.000001	0.000000	0.000001	0.000000	0.000003	0.000002	0.000001
11	T	O	0.953256	0.010829	0.032736	0.002532	0.000114	0.000513	0.000007	0.000002	0.000000	0.000002	0.000000	0.000001	0.000000	0.000001	0.000000	0.000002	0.000002	0.000001
12	V	O	0.953966	0.006126	0.037020	0.002250	0.000069	0.000548	0.000010	0.000001	0.000000	0.000002	0.000000	0.000001	0.000000	0.000001	0.000000	0.000002	0.000002	0.000001
13	A	O	0.954511	0.003894	0.038439	0.002529	0.000043	0.000558	0.000016	0.000001	0.000000	0.000003	0.000000	0.000001	0.000000	0.000002	0.000000	0.000001	0.000002	0.000002
14	T	O	0.955226	0.002410	0.039003	0.002750	0.000027	0.000552	0.000022	0.000001	0.000000	0.000003	0.000000	0.000000	0.000000	0.000002	0.000000	0.000001	0.000001	0.000001
15	T	O	0.955926	0.001443	0.038756	0.003284	0.000017	0.000537	0.000025	0.000001	0.000000	0.000003	0.000000	0.000000	0.000000	0.000002	0.000000	0.000000	0.000001	0.000001
16	S	O	0.956671	0.000903	0.037571	0.004289	0.000010	0.000510	0.000034	0.000001	0.000000	0.000003	0.000000	0.000000	0.000000	0.000002	0.000000	0.000000	0.000001	0.000001
17	V	O	0.957790	0.000515	0.036224	0.004943	0.000006	0.000477	0.000037	0.000001	0.000000	0.000003	0.000000	0.000000	0.000000	0.000002	0.000000	0.000000	0.000001	0.000001
18	S	O	0.958830	0.000307	0.033723	0.006648	0.000004	0.000443	0.000037	0.000000	0.000000	0.000003	0.000000	0.000000	0.000000	0.000002	0.000000	0.000000	0.000000	0.000001
19	S	O	0.960354	0.000163	0.031145	0.007887	0.000002	0.000410	0.000035	0.000000	0.000000	0.000003	0.000000	0.000000	0.000000	0.000002	0.000000	0.000000	0.000000	0.000000
20	L	O	0.962356	0.000074	0.028455	0.008698	0.000001	0.000378	0.000033	0.000000	0.000000	0.000003	0.000000	0.000000	0.000000	0.000002	0.000000	0.000000	0.000000	0.000000
21	V	O	0.964097	0.000032	0.024387	0.011103	0.000000	0.000350	0.000029	0.000000	0.000000	0.000003	0.000001	0.000000	0.000000	0.000002	0.000000	0.000000	0.000000	0.000000
22	L	O	0.966202	0.000012	0.019108	0.014325	0.000000	0.000323	0.000027	0.000000	0.000000	0.000002	0.000001	0.000000	0.000000	0.000001	0.000000	0.000000	0.000000	0.000000
23	G	O	0.968005	0.000007	0.010156	0.021503	0.000000	0.000275	0.000048	0.000000	0.000000	0.000002	0.000001	0.000000	0.000000	0.000001	0.000000	0.000000	0.000000	0.000000
24	F	O	0.973748	0.000004	0.006238	0.019733	0.000000	0.000180	0.000095	0.000000	0.000000	0.000001	0.000002	0.000000	0.000000	0.000001	0.000000	0.000000	0.000000	0.000000
25	G	O	0.978637	0.000003	0.002775	0.018404	0.000000	0.000102	0.000078	0.000000	0.000000	0.000001	0.000002	0.000000	0.000000	0.000001	0.000000	0.000000	0.000000	0.000000
26	G	O	0.987089	0.000002	0.001560	0.011245	0.000000	0.000039	0.000063	0.000000	0.000000	0.000001	0.000001	0.000000	0.000000	0.000000	0.000000	0.000000	0.000000	0.000000
27	G	O	0.992959	0.000002	0.000966	0.006034	0.000000	0.000017	0.000022	0.000000	0.000000	0.000000	0.000001	0.000000	0.000000	0.000000	0.000000	0.000000	0.000000	0.000000
28	T	O	0.996287	0.000001	0.000671	0.003024	0.000000	0.000008	0.000009	0.000000	0.000000	0.000000	0.000000	0.000000	0.000000	0.000000	0.000000	0.000000	0.000000	0.000000
29	I	O	0.997742	0.000001	0.000472	0.001778	0.000000	0.000005	0.000003	0.000000	0.000000	0.000000	0.000000	0.000000	0.000000	0.000000	0.000000	0.000000	0.000000	0.000000
30	Y	O	0.998477	0.000001	0.000311	0.001207	0.000000	0.000003	0.000002	0.000000	0.000000	0.000000	0.000000	0.000000	0.000000	0.000000	0.000000	0.000000	0.000000	0.000000
31	Y	O	0.998960	0.000001	0.000207	0.000828	0.000000	0.000001	0.000001	0.000000	0.000000	0.000000	0.000000	0.000000	0.000000	0.000000	0.000000	0.000000	0.000000	0.000000
32	P	O	0.999286	0.000001	0.000140	0.000571	0.000000	0.000001	0.000001	0.000000	0.000000	0.000000	0.000000	0.000000	0.000000	0.000000	0.000000	0.000000	0.000000	0.000000
33	T	O	0.999483	0.000000	0.000097	0.000421	0.000000	0.000000	0.000000	0.000000	0.000000	0.000000	0.000000	0.000000	0.000000	0.000000	0.000000	0.000000	0.000000	0.000000
34	D	O	0.999586	0.000000	0.000062	0.000351	0.000000	0.000000	0.000000	0.000000	0.000000	0.000000	0.000000	0.000000	0.000000	0.000000	0.000000	0.000000	0.000000	0.000000
35	T	O	0.999660	0.000000	0.000038	0.000302	0.000000	0.000000	0.000000	0.000000	0.000000	0.000000	0.000000	0.000000	0.000000	0.000000	0.000000	0.000000	0.000000	0.000000
36	S	O	0.999714	0.000000	0.000022	0.000264	0.000000	0.000000	0.000000	0.000000	0.000000	0.000000	0.000000	0.000000	0.000000	0.000000	0.000000	0.000000	0.000000	0.000000
37	Q	O	0.999764	0.000000	0.000013	0.000221	0.000000	0.000000	0.000000	0.000000	0.000000	0.000000	0.000000	0.000000	0.000000	0.000000	0.000000	0.000000	0.000000	0.000000
38	G	O	0.999805	0.000000	0.000008	0.000184	0.000000	0.000000	0.000000	0.000000	0.000000	0.000000	0.000000	0.000000	0.000000	0.000000	0.000000	0.000000	0.000000	0.000000
39	T	O	0.999848	0.000000	0.000005	0.000147	0.000000	0.000000	0.000000	0.000000	0.000000	0.000000	0.000000	0.000000	0.000000	0.000000	0.000000	0.000000	0.000000	0.000000
40	F	O	0.999880	0.000000	0.000004	0.000116	0.000000	0.000000	0.000000	0.000000	0.000000	0.000000	0.000000	0.000000	0.000000	0.000000	0.000000	0.000000	0.000000	0.000000
41	G	O	0.999905	0.000000	0.000002	0.000092	0.000000	0.000000	0.000000	0.000000	0.000000	0.000000	0.000000	0.000000	0.000000	0.000000	0.000000	0.000000	0.000000	0.000000
42	A	O	0.999929	0.000000	0.000002	0.000068	0.000000	0.000000	0.000000	0.000000	0.000000	0.000000	0.000000	0.000000	0.000000	0.000000	0.000000	0.000000	0.000000	0.000000
43	I	O	0.999946	0.000000	0.000001	0.000053	0.000000	0.000000	0.000000	0.000000	0.000000	0.000000	0.000000	0.000000	0.000000	0.000000	0.000000	0.000000	0.000000	0.000000
44	A	O	0.999956	0.000000	0.000001	0.000042	0.000000	0.000000	0.000000	0.000000	0.000000	0.000000	0.000000	0.000000	0.000000	0.000000	0.000000	0.000001	0.000000	0.000000
45	I	O	0.999963	0.000000	0.000001	0.000033	0.000000	0.000000	0.000000	0.000001	0.000000	0.000000	0.000000	0.000000	0.000000	0.000000	0.000000	0.000001	0.000000	0.000000
46	S	O	0.999970	0.000000	0.000001	0.000027	0.000000	0.000001	0.000000	0.000001	0.000000	0.000000	0.000000	0.000000	0.000000	0.000000	0.000000	0.000001	0.000000	0.000000
47	P	O	0.999975	0.000000	0.000000	0.000023	0.000001	0.000001	0.000000	0.000001	0.000000	0.000001	0.000001	0.000000	0.000000	0.000000	0.000000	0.000001	0.000000	0.000000
48	G	O	0.999976	0.000000	0.000000	0.000019	0.000001	0.000001	0.000000	0.000002	0.000000	0.000001	0.000001	0.000000	0.000000	0.000000	0.000000	0.000002	0.000000	0.000001
49	Y	O	0.999977	0.000000	0.000000	0.000016	0.000001	0.000001	0.000000	0.000002	0.000000	0.000001	0.000001	0.000000	0.000000	0.000000	0.000000	0.000002	0.000001	0.000001
50	T	O	0.999977	0.000000	0.000000	0.000013	0.000002	0.000001	0.000001	0.000003	0.000000	0.000001	0.000002	0.000000	0.000000	0.000000	0.000000	0.000003	0.000001	0.000001
51	A	O	0.999973	0.000000	0.000000	0.000011	0.000002	0.000002	0.000001	0.000004	0.000001	0.000002	0.000002	0.000000	0.000000	0.000000	0.000000	0.000004	0.000001	0.000001
52	R	O	0.999968	0.000000	0.000000	0.000009	0.000003	0.000002	0.000001	0.000005	0.000001	0.000002	0.000003	0.000000	0.000000	0.000000	0.000000	0.000005	0.000001	0.000001
53	W	O	0.999964	0.000000	0.000000	0.000007	0.000003	0.000003	0.000001	0.000008	0.000001	0.000003	0.000003	0.000000	0.000000	0.000000	0.000000	0.000007	0.000001	0.000001
54	S	O	0.999958	0.000000	0.000000	0.000006	0.000004	0.000003	0.000001	0.000011	0.000001	0.000004	0.000004	0.000001	0.000000	0.000001	0.000001	0.000009	0.000002	0.000002
55	S	O	0.999940	0.000000	0.000000	0.000005	0.000005	0.000005	0.000001	0.000015	0.000002	0.000006	0.000006	0.000001	0.000000	0.000001	0.000001	0.000011	0.000002	0.000002
56	L	O	0.999928	0.000000	0.000000	0.000004	0.000006	0.000006	0.000002	0.000020	0.000003	0.000008	0.000007	0.000001	0.000000	0.000001	0.000001	0.000014	0.000004	0.000003
57	S	O	0.999898	0.000000	0.000000	0.000003	0.000008	0.000008	0.000002	0.000027	0.000003	0.000011	0.000010	0.000001	0.000000	0.000001	0.000001	0.000018	0.000005	0.000004
58	W	O	0.999875	0.000000	0.000000	0.000002	0.000009	0.000010	0.000003	0.000035	0.000004	0.000017	0.000013	0.000001	0.000000	0.000002	0.000002	0.000022	0.000006	0.000005
59	L	O	0.999842	0.000000	0.000000	0.000002	0.000010	0.000012	0.000003	0.000042	0.000005	0.000024	0.000018	0.000002	0.000000	0.000003	0.000002	0.000027	0.000008	0.000007
60	G	O	0.999794	0.000000	0.000000	0.000002	0.000013	0.000014	0.000004	0.000053	0.000006	0.000030	0.000027	0.000002	0.000001	0.000003	0.000003	0.000035	0.000008	0.000009
61	P	O	0.999739	0.000000	0.000000	0.000001	0.000015	0.000017	0.000005	0.000064	0.000009	0.000038	0.000039	0.000002	0.000001	0.000004	0.000004	0.000046	0.000010	0.000010
62	R	O	0.999661	0.000000	0.000000	0.000001	0.000017	0.000022	0.000006	0.000076	0.000013	0.000051	0.000055	0.000003	0.000001	0.000006	0.000006	0.000060	0.000014	0.000012
63	I	O	0.999563	0.000000	0.000000	0.000001	0.000016	0.000030	0.000007	0.000094	0.000010	0.000075	0.000076	0.000003	0.000001	0.000008	0.000008	0.000071	0.000023	0.000016
64	A	O	0.999453	0.000000	0.000000	0.000001	0.000014	0.000039	0.000008	0.000102	0.000010	0.000100	0.000114	0.000003	0.000001	0.000012	0.000011	0.000080	0.000034	0.000024
65	S	O	0.999332	0.000000	0.000000	0.000000	0.000010	0.000046	0.000014	0.000095	0.000007	0.000130	0.000165	0.000003	0.000000	0.000016	0.000016	0.000081	0.000050	0.000036
66	H	O	0.999266	0.000000	0.000000	0.000000	0.000004	0.000046	0.000022	0.000061	0.000006	0.000154	0.000215	0.000001	0.000000	0.000019	0.000021	0.000067	0.000065	0.000053
67	G	O	0.999250	0.000000	0.000000	0.000000	0.000000	0.000044	0.000023	0.000037	0.000000	0.000136	0.000275	0.000000	0.000000	0.000023	0.000027	0.000039	0.000076	0.000070
68	F	O	0.999342	0.000000	0.000000	0.000000	0.000000	0.000027	0.000034	0.000000	0.000000	0.000107	0.000273	0.000000	0.000000	0.000017	0.000040	0.000000	0.000071	0.000092
69	V	O	0.999501	0.000000	0.000000	0.000000	0.000000	0.000000	0.000046	0.000000	0.000000	0.000000	0.000273	0.000000	0.000000	0.000000	0.000065	0.000000	0.000000	0.000116
70	V	O	0.999998	0.000000	0.000000	0.000000	0.000000	0.000000	0.000000	0.000000	0.000000	0.000000	0.000000	0.000000	0.000000	0.000000	0.000000	0.000000	0.000000	0.000000
