# Name=tournament_wt_23
# pos	aa	label	Other	Sec/SPI n	Sec/SPI h	Sec/SPI c	Sec/SPII n	Sec/SPII h	Sec/SPII cys	Tat/SPI n	Tat/SPI RR	Tat/SPI h	Tat/SPI c	Tat/SPII n	Tat/SPII RR	Tat/SPII h	Tat/SPII cys	Sec/SPIII P	Sec/SPIII cons.	Sec/SPIII h
1	A	O	0.990367	0.009563	0.000000	0.000000	0.000041	0.000000	0.000000	0.000000	0.000000	0.000000	0.000000	0.000000	0.000000	0.000000	0.000000	0.000009	0.000000	0.000000
2	S	O	0.990375	0.007287	0.002276	0.000000	0.000031	0.000010	0.000000	0.000000	0.000000	0.000000	0.000000	0.000000	0.000000	0.000000	0.000000	0.000008	0.000002	0.000000
3	R	O	0.990376	0.005599	0.003222	0.000741	0.000024	0.000017	0.000000	0.000000	0.000000	0.000000	0.000000	0.000000	0.000000	0.000000	0.000000	0.000006	0.000002	0.000001
4	G	O	0.990479	0.004208	0.003545	0.001711	0.000018	0.000020	0.000003	0.000000	0.000000	0.000000	0.000000	0.000000	0.000000	0.000000	0.000000	0.000005	0.000002	0.000002
5	P	O	0.990749	0.003174	0.003397	0.002631	0.000014	0.000020	0.000005	0.000000	0.000000	0.000000	0.000000	0.000000	0.000000	0.000000	0.000000	0.000004	0.000001	0.000002
6	F	O	0.991213	0.002383	0.003068	0.003299	0.000010	0.000018	0.000005	0.000000	0.000000	0.000000	0.000000	0.000000	0.000000	0.000000	0.000000	0.000003	0.000001	0.000001
7	A	O	0.991818	0.001849	0.002494	0.003806	0.000008	0.000017	0.000004	0.000000	0.000000	0.000000	0.000000	0.000000	0.000000	0.000000	0.000000	0.000003	0.000001	0.000001
8	T	O	0.992642	0.001436	0.002071	0.003823	0.000006	0.000014	0.000004	0.000000	0.000000	0.000000	0.000000	0.000000	0.000000	0.000000	0.000000	0.000002	0.000001	0.000001
9	S	O	0.993607	0.001101	0.001788	0.003477	0.000004	0.000012	0.000004	0.000000	0.000000	0.000000	0.000000	0.000000	0.000000	0.000000	0.000000	0.000002	0.000001	0.000001
10	S	O	0.994512	0.000827	0.001553	0.003085	0.000003	0.000010	0.000003	0.000000	0.000000	0.000000	0.000000	0.000000	0.000000	0.000000	0.000000	0.000001	0.000001	0.000001
11	I	O	0.995376	0.000589	0.001395	0.002621	0.000002	0.000009	0.000002	0.000000	0.000000	0.000000	0.000000	0.000000	0.000000	0.000000	0.000000	0.000001	0.000001	0.000000
12	N	O	0.996026	0.000441	0.001094	0.002425	0.000001	0.000008	0.000002	0.000000	0.000000	0.000000	0.000000	0.000000	0.000000	0.000000	0.000000	0.000001	0.000000	0.000000
13	V	O	0.996707	0.000305	0.000927	0.002050	0.000001	0.000006	0.000002	0.000000	0.000000	0.000000	0.000000	0.000000	0.000000	0.000000	0.000000	0.000001	0.000000	0.000000
14	S	O	0.997249	0.000221	0.000695	0.001830	0.000001	0.000005	0.000002	0.000000	0.000000	0.000000	0.000000	0.000000	0.000000	0.000000	0.000000	0.000000	0.000000	0.000000
15	S	O	0.997824	0.000155	0.000540	0.001471	0.000000	0.000004	0.000001	0.000000	0.000000	0.000000	0.000000	0.000000	0.000000	0.000000	0.000000	0.000000	0.000000	0.000000
16	L	O	0.998317	0.000103	0.000432	0.001142	0.000000	0.000003	0.000001	0.000000	0.000000	0.000000	0.000000	0.000000	0.000000	0.000000	0.000000	0.000000	0.000000	0.000000
17	S	O	0.998657	0.000071	0.000309	0.000958	0.000000	0.000002	0.000001	0.000000	0.000000	0.000000	0.000000	0.000000	0.000000	0.000000	0.000000	0.000000	0.000000	0.000000
18	V	O	0.998951	0.000047	0.000217	0.000780	0.000000	0.000001	0.000001	0.000000	0.000000	0.000000	0.000000	0.000000	0.000000	0.000000	0.000000	0.000000	0.000000	0.000000
19	T	O	0.999181	0.000034	0.000133	0.000648	0.000000	0.000001	0.000000	0.000000	0.000000	0.000000	0.000000	0.000000	0.000000	0.000000	0.000000	0.000000	0.000000	0.000000
20	G	O	0.999370	0.000026	0.000078	0.000520	0.000000	0.000001	0.000000	0.000000	0.000000	0.000000	0.000000	0.000000	0.000000	0.000000	0.000000	0.000000	0.000000	0.000000
21	F	O	0.999576	0.000020	0.000051	0.000347	0.000000	0.000000	0.000000	0.000000	0.000000	0.000000	0.000000	0.000000	0.000000	0.000000	0.000000	0.000000	0.000000	0.000000
22	G	O	0.999708	0.000016	0.000033	0.000240	0.000000	0.000000	0.000000	0.000000	0.000000	0.000000	0.000000	0.000000	0.000000	0.000000	0.000000	0.000000	0.000000	0.000000
23	G	O	0.999815	0.000013	0.000024	0.000146	0.000000	0.000000	0.000000	0.000000	0.000000	0.000000	0.000000	0.000000	0.000000	0.000000	0.000000	0.000000	0.000000	0.000000
24	G	O	0.999878	0.000010	0.000019	0.000091	0.000000	0.000000	0.000000	0.000000	0.000000	0.000000	0.000000	0.000000	0.000000	0.000000	0.000000	0.000000	0.000000	0.000000
25	V	O	0.999913	0.000008	0.000016	0.000058	0.000000	0.000000	0.000000	0.000000	0.000000	0.000000	0.000000	0.000000	0.000000	0.000000	0.000000	0.000000	0.000000	0.000000
26	I	O	0.999936	0.000006	0.000013	0.000041	0.000000	0.000000	0.000000	0.000000	0.000000	0.000000	0.000000	0.000000	0.000000	0.000000	0.000000	0.000000	0.000000	0.000000
27	Y	O	0.999950	0.000004	0.000010	0.000032	0.000000	0.000000	0.000000	0.000000	0.000000	0.000000	0.000000	0.000000	0.000000	0.000000	0.000000	0.000000	0.000000	0.000000
28	Y	O	0.999962	0.000003	0.000008	0.000025	0.000000	0.000000	0.000000	0.000000	0.000000	0.000000	0.000000	0.000000	0.000000	0.000000	0.000000	0.000000	0.000000	0.000000
29	P	O	0.999968	0.000003	0.000006	0.000021	0.000000	0.000000	0.000000	0.000000	0.000000	0.000000	0.000000	0.000000	0.000000	0.000000	0.000000	0.000000	0.000000	0.000000
30	T	O	0.999972	0.000002	0.000005	0.000018	0.000000	0.000000	0.000000	0.000000	0.000000	0.000000	0.000000	0.000000	0.000000	0.000000	0.000000	0.000000	0.000000	0.000000
31	S	O	0.999973	0.000001	0.000003	0.000016	0.000000	0.000000	0.000000	0.000000	0.000000	0.000000	0.000000	0.000000	0.000000	0.000000	0.000000	0.000000	0.000000	0.000000
32	T	O	0.999977	0.000001	0.000002	0.000014	0.000000	0.000000	0.000000	0.000000	0.000000	0.000000	0.000000	0.000000	0.000000	0.000000	0.000000	0.000000	0.000000	0.000000
33	A	O	0.999981	0.000001	0.000001	0.000012	0.000000	0.000000	0.000000	0.000000	0.000000	0.000000	0.000000	0.000000	0.000000	0.000000	0.000000	0.000000	0.000000	0.000000
34	E	O	0.999985	0.000001	0.000001	0.000010	0.000000	0.000000	0.000000	0.000000	0.000000	0.000000	0.000000	0.000000	0.000000	0.000000	0.000000	0.000000	0.000000	0.000000
35	G	O	0.999990	0.000001	0.000001	0.000008	0.000000	0.000000	0.000000	0.000000	0.000000	0.000000	0.000000	0.000000	0.000000	0.000000	0.000000	0.000000	0.000000	0.000000
36	T	O	0.999991	0.000001	0.000000	0.000006	0.000000	0.000000	0.000000	0.000000	0.000000	0.000000	0.000000	0.000000	0.000000	0.000000	0.000000	0.000000	0.000000	0.000000
37	F	O	0.999995	0.000001	0.000000	0.000004	0.000000	0.000000	0.000000	0.000000	0.000000	0.000000	0.000000	0.000000	0.000000	0.000000	0.000000	0.000000	0.000000	0.000000
38	G	O	0.999994	0.000000	0.000000	0.000003	0.000000	0.000000	0.000000	0.000000	0.000000	0.000000	0.000000	0.000000	0.000000	0.000000	0.000000	0.000000	0.000000	0.000000
39	A	O	0.999995	0.000000	0.000000	0.000002	0.000000	0.000000	0.000000	0.000000	0.000000	0.000000	0.000000	0.000000	0.000000	0.000000	0.000000	0.000000	0.000000	0.000000
40	V	O	1.000000	0.000000	0.000000	0.000002	0.000000	0.000000	0.000000	0.000000	0.000000	0.000000	0.000000	0.000000	0.000000	0.000000	0.000000	0.000000	0.000000	0.000000
41	A	O	0.999996	0.000000	0.000000	0.000001	0.000000	0.000000	0.000000	0.000000	0.000000	0.000000	0.000000	0.000000	0.000000	0.000000	0.000000	0.000000	0.000000	0.000000
42	I	O	0.999994	0.000000	0.000000	0.000001	0.000000	0.000000	0.000000	0.000000	0.000000	0.000000	0.000000	0.000000	0.000000	0.000000	0.000000	0.000000	0.000000	0.000000
43	S	O	0.999996	0.000000	0.000000	0.000001	0.000000	0.000000	0.000000	0.000000	0.000000	0.000000	0.000000	0.000000	0.000000	0.000000	0.000000	0.000000	0.000000	0.000000
44	P	O	0.999996	0.000000	0.000000	0.000001	0.000000	0.000000	0.000000	0.000000	0.000000	0.000000	0.000000	0.000000	0.000000	0.000000	0.000000	0.000000	0.000000	0.000000
45	G	O	0.999995	0.000000	0.000000	0.000001	0.000000	0.000000	0.000000	0.000000	0.000000	0.000000	0.000000	0.000000	0.000000	0.000000	0.000000	0.000000	0.000000	0.000000
46	Y	O	0.999998	0.000000	0.000000	0.000001	0.000000	0.000000	0.000000	0.000000	0.000000	0.000000	0.000000	0.000000	0.000000	0.000000	0.000000	0.000000	0.000000	0.000000
47	T	O	1.000002	0.000000	0.000000	0.000001	0.000000	0.000000	0.000000	0.000000	0.000000	0.000000	0.000000	0.000000	0.000000	0.000000	0.000000	0.000001	0.000000	0.000000
48	A	O	0.999997	0.000000	0.000000	0.000001	0.000000	0.000000	0.000000	0.000000	0.000000	0.000000	0.000000	0.000000	0.000000	0.000000	0.000000	0.000001	0.000000	0.000000
49	S	O	1.000001	0.000000	0.000000	0.000001	0.000001	0.000000	0.000000	0.000000	0.000000	0.000000	0.000000	0.000000	0.000000	0.000000	0.000000	0.000001	0.000000	0.000000
50	W	O	1.000001	0.000000	0.000000	0.000000	0.000001	0.000000	0.000000	0.000001	0.000000	0.000000	0.000000	0.000000	0.000000	0.000000	0.000000	0.000001	0.000000	0.000000
51	S	O	0.999997	0.000000	0.000000	0.000000	0.000001	0.000001	0.000000	0.000001	0.000000	0.000000	0.000000	0.000000	0.000000	0.000000	0.000000	0.000002	0.000000	0.000000
52	S	O	0.999994	0.000000	0.000000	0.000000	0.000002	0.000001	0.000000	0.000002	0.000000	0.000000	0.000000	0.000000	0.000000	0.000000	0.000000	0.000002	0.000000	0.000000
53	L	O	0.999984	0.000000	0.000000	0.000000	0.000002	0.000001	0.000000	0.000002	0.000000	0.000001	0.000000	0.000000	0.000000	0.000000	0.000000	0.000003	0.000001	0.000000
54	S	O	0.999985	0.000000	0.000000	0.000000	0.000003	0.000002	0.000000	0.000004	0.000001	0.000001	0.000001	0.000000	0.000000	0.000000	0.000000	0.000004	0.000001	0.000001
55	W	O	0.999978	0.000000	0.000000	0.000000	0.000005	0.000002	0.000000	0.000005	0.000001	0.000001	0.000001	0.000000	0.000000	0.000000	0.000000	0.000006	0.000001	0.000001
56	L	O	0.999966	0.000000	0.000000	0.000000	0.000006	0.000003	0.000000	0.000007	0.000001	0.000002	0.000001	0.000001	0.000000	0.000000	0.000000	0.000007	0.000001	0.000001
57	G	O	0.999957	0.000000	0.000000	0.000000	0.000008	0.000004	0.000001	0.000011	0.000002	0.000002	0.000002	0.000001	0.000000	0.000000	0.000000	0.000011	0.000001	0.000001
58	P	O	0.999942	0.000000	0.000000	0.000000	0.000010	0.000005	0.000001	0.000015	0.000003	0.000003	0.000002	0.000001	0.000000	0.000001	0.000000	0.000015	0.000001	0.000001
59	R	O	0.999916	0.000000	0.000000	0.000000	0.000013	0.000008	0.000001	0.000021	0.000005	0.000005	0.000004	0.000002	0.000001	0.000001	0.000001	0.000020	0.000002	0.000001
60	I	O	0.999880	0.000000	0.000000	0.000000	0.000014	0.000013	0.000001	0.000033	0.000004	0.000010	0.000005	0.000002	0.000001	0.000001	0.000001	0.000026	0.000005	0.000002
61	A	O	0.999840	0.000000	0.000000	0.000000	0.000015	0.000019	0.000001	0.000043	0.000006	0.000017	0.000009	0.000003	0.000001	0.000002	0.000001	0.000032	0.000008	0.000004
62	S	O	0.999792	0.000000	0.000000	0.000000	0.000016	0.000025	0.000003	0.000051	0.000007	0.000027	0.000013	0.000003	0.000001	0.000003	0.000001	0.000038	0.000013	0.000006
63	H	O	0.999752	0.000000	0.000000	0.000000	0.000014	0.000031	0.000005	0.000046	0.000011	0.000045	0.000018	0.000003	0.000001	0.000005	0.000002	0.000037	0.000023	0.000009
64	G	O	0.999712	0.000000	0.000000	0.000000	0.000009	0.000041	0.000005	0.000045	0.000006	0.000067	0.000025	0.000003	0.000000	0.000008	0.000002	0.000029	0.000036	0.000015
65	F	O	0.999684	0.000000	0.000000	0.000000	0.000004	0.000046	0.000007	0.000031	0.000004	0.000091	0.000033	0.000002	0.000000	0.000011	0.000003	0.000016	0.000044	0.000026
66	V	O	0.999671	0.000000	0.000000	0.000000	0.000001	0.000048	0.000010	0.000018	0.000002	0.000098	0.000052	0.000001	0.000000	0.000013	0.000004	0.000009	0.000040	0.000039
67	V	O	0.999672	0.000000	0.000000	0.000000	0.000000	0.000043	0.000014	0.000009	0.000000	0.000084	0.000078	0.000000	0.000000	0.000014	0.000006	0.000004	0.000031	0.000048
68	I	O	0.999702	0.000000	0.000000	0.000000	0.000000	0.000024	0.000029	0.000000	0.000000	0.000054	0.000101	0.000000	0.000000	0.000011	0.000011	0.000000	0.000017	0.000056
69	G	O	0.999776	0.000000	0.000000	0.000000	0.000000	0.000000	0.000034	0.000000	0.000000	0.000000	0.000122	0.000000	0.000000	0.000000	0.000025	0.000000	0.000000	0.000046
70	I	O	1.000003	0.000000	0.000000	0.000000	0.000000	0.000000	0.000000	0.000000	0.000000	0.000000	0.000000	0.000000	0.000000	0.000000	0.000000	0.000000	0.000000	0.000000
