# Name=tournament_wt_89
# pos	aa	label	Other	Sec/SPI n	Sec/SPI h	Sec/SPI c	Sec/SPII n	Sec/SPII h	Sec/SPII cys	Tat/SPI n	Tat/SPI RR	Tat/SPI h	Tat/SPI c	Tat/SPII n	Tat/SPII RR	Tat/SPII h	Tat/SPII cys	Sec/SPIII P	Sec/SPIII cons.	Sec/SPIII h
1	S	O	0.983210	0.016509	0.000000	0.000000	0.000217	0.000000	0.000000	0.000002	0.000000	0.000000	0.000000	0.000000	0.000000	0.000000	0.000000	0.000059	0.000000	0.000000
2	V	O	0.983215	0.010767	0.005741	0.000000	0.000146	0.000071	0.000000	0.000001	0.000000	0.000001	0.000000	0.000000	0.000000	0.000000	0.000000	0.000049	0.000010	0.000000
3	T	O	0.983219	0.008078	0.006399	0.002032	0.000101	0.000116	0.000000	0.000001	0.000000	0.000001	0.000000	0.000000	0.000000	0.000000	0.000000	0.000042	0.000011	0.000007
4	A	O	0.983321	0.006225	0.006074	0.004110	0.000071	0.000131	0.000014	0.000001	0.000000	0.000001	0.000000	0.000000	0.000000	0.000000	0.000000	0.000035	0.000010	0.000009
5	T	O	0.983670	0.004884	0.005525	0.005675	0.000050	0.000125	0.000027	0.000000	0.000000	0.000001	0.000001	0.000000	0.000000	0.000000	0.000000	0.000028	0.000010	0.000009
6	T	O	0.984235	0.003842	0.004828	0.006886	0.000035	0.000109	0.000031	0.000000	0.000000	0.000000	0.000001	0.000000	0.000000	0.000000	0.000000	0.000023	0.000009	0.000008
7	G	O	0.985070	0.002990	0.004243	0.007527	0.000025	0.000087	0.000032	0.000000	0.000000	0.000000	0.000001	0.000000	0.000000	0.000000	0.000000	0.000018	0.000007	0.000008
8	P	O	0.986168	0.002295	0.003740	0.007668	0.000018	0.000067	0.000028	0.000000	0.000000	0.000000	0.000000	0.000000	0.000000	0.000000	0.000000	0.000014	0.000006	0.000007
9	F	O	0.987371	0.001732	0.003266	0.007531	0.000012	0.000051	0.000021	0.000000	0.000000	0.000000	0.000000	0.000000	0.000000	0.000000	0.000000	0.000011	0.000005	0.000006
10	R	O	0.988622	0.001311	0.002735	0.007259	0.000009	0.000039	0.000016	0.000000	0.000000	0.000000	0.000000	0.000000	0.000000	0.000000	0.000000	0.000008	0.000004	0.000005
11	V	O	0.989919	0.000954	0.002326	0.006751	0.000006	0.000030	0.000012	0.000000	0.000000	0.000000	0.000000	0.000000	0.000000	0.000000	0.000000	0.000006	0.000003	0.000004
12	T	O	0.991144	0.000713	0.001825	0.006284	0.000004	0.000023	0.000009	0.000000	0.000000	0.000000	0.000000	0.000000	0.000000	0.000000	0.000000	0.000004	0.000003	0.000003
13	E	O	0.992407	0.000534	0.001405	0.005628	0.000002	0.000017	0.000008	0.000000	0.000000	0.000000	0.000000	0.000000	0.000000	0.000000	0.000000	0.000003	0.000002	0.000002
14	A	O	0.993664	0.000388	0.001113	0.004824	0.000002	0.000012	0.000005	0.000000	0.000000	0.000000	0.000000	0.000000	0.000000	0.000000	0.000000	0.000002	0.000001	0.000002
15	R	O	0.994761	0.000280	0.000855	0.004099	0.000001	0.000008	0.000004	0.000000	0.000000	0.000000	0.000000	0.000000	0.000000	0.000000	0.000000	0.000002	0.000001	0.000001
16	I	O	0.995642	0.000200	0.000621	0.003539	0.000001	0.000006	0.000003	0.000000	0.000000	0.000000	0.000000	0.000000	0.000000	0.000000	0.000000	0.000001	0.000001	0.000001
17	T	O	0.996388	0.000149	0.000408	0.003060	0.000000	0.000004	0.000002	0.000000	0.000000	0.000000	0.000000	0.000000	0.000000	0.000000	0.000000	0.000001	0.000001	0.000001
18	G	O	0.997113	0.000113	0.000267	0.002513	0.000000	0.000003	0.000002	0.000000	0.000000	0.000000	0.000000	0.000000	0.000000	0.000000	0.000000	0.000001	0.000000	0.000001
19	A	O	0.997837	0.000087	0.000181	0.001907	0.000000	0.000002	0.000001	0.000000	0.000000	0.000000	0.000000	0.000000	0.000000	0.000000	0.000000	0.000001	0.000000	0.000000
20	R	O	0.998410	0.000069	0.000125	0.001407	0.000000	0.000001	0.000001	0.000000	0.000000	0.000000	0.000000	0.000000	0.000000	0.000000	0.000000	0.000000	0.000000	0.000000
21	G	O	0.998861	0.000054	0.000089	0.001009	0.000000	0.000001	0.000000	0.000000	0.000000	0.000000	0.000000	0.000000	0.000000	0.000000	0.000000	0.000000	0.000000	0.000000
22	F	O	0.999213	0.000043	0.000066	0.000689	0.000000	0.000000	0.000000	0.000000	0.000000	0.000000	0.000000	0.000000	0.000000	0.000000	0.000000	0.000000	0.000000	0.000000
23	G	O	0.999448	0.000036	0.000048	0.000481	0.000000	0.000000	0.000000	0.000000	0.000000	0.000000	0.000000	0.000000	0.000000	0.000000	0.000000	0.000000	0.000000	0.000000
24	G	O	0.999627	0.000030	0.000037	0.000318	0.000000	0.000000	0.000000	0.000000	0.000000	0.000000	0.000000	0.000000	0.000000	0.000000	0.000000	0.000000	0.000000	0.000000
25	G	O	0.999758	0.000025	0.000030	0.000201	0.000000	0.000000	0.000000	0.000000	0.000000	0.000000	0.000000	0.000000	0.000000	0.000000	0.000000	0.000000	0.000000	0.000000
26	R	O	0.999838	0.000021	0.000026	0.000124	0.000000	0.000000	0.000000	0.000000	0.000000	0.000000	0.000000	0.000000	0.000000	0.000000	0.000000	0.000000	0.000000	0.000000
27	I	O	0.999887	0.000017	0.000023	0.000082	0.000000	0.000000	0.000000	0.000000	0.000000	0.000000	0.000000	0.000000	0.000000	0.000000	0.000000	0.000000	0.000000	0.000000
28	Y	O	0.999913	0.000014	0.000020	0.000060	0.000000	0.000000	0.000000	0.000000	0.000000	0.000000	0.000000	0.000000	0.000000	0.000000	0.000000	0.000000	0.000000	0.000000
29	Y	O	0.999933	0.000011	0.000017	0.000047	0.000000	0.000000	0.000000	0.000000	0.000000	0.000000	0.000000	0.000000	0.000000	0.000000	0.000000	0.000000	0.000000	0.000000
30	P	O	0.999948	0.000009	0.000015	0.000039	0.000000	0.000000	0.000000	0.000000	0.000000	0.000000	0.000000	0.000000	0.000000	0.000000	0.000000	0.000000	0.000000	0.000000
31	T	O	0.999957	0.000007	0.000013	0.000034	0.000000	0.000000	0.000000	0.000000	0.000000	0.000000	0.000000	0.000000	0.000000	0.000000	0.000000	0.000000	0.000000	0.000000
32	D	O	0.999967	0.000006	0.000010	0.000033	0.000000	0.000000	0.000000	0.000000	0.000000	0.000000	0.000000	0.000000	0.000000	0.000000	0.000000	0.000000	0.000000	0.000000
33	T	O	0.999968	0.000005	0.000007	0.000032	0.000000	0.000000	0.000000	0.000000	0.000000	0.000000	0.000000	0.000000	0.000000	0.000000	0.000000	0.000000	0.000000	0.000000
34	S	O	0.999977	0.000004	0.000005	0.000031	0.000000	0.000000	0.000000	0.000000	0.000000	0.000000	0.000000	0.000000	0.000000	0.000000	0.000000	0.000000	0.000000	0.000000
35	Q	O	0.999975	0.000003	0.000004	0.000029	0.000000	0.000000	0.000000	0.000000	0.000000	0.000000	0.000000	0.000000	0.000000	0.000000	0.000000	0.000000	0.000000	0.000000
36	G	O	0.999981	0.000003	0.000003	0.000026	0.000000	0.000000	0.000000	0.000000	0.000000	0.000000	0.000000	0.000000	0.000000	0.000000	0.000000	0.000000	0.000000	0.000000
37	T	O	0.999990	0.000002	0.000002	0.000022	0.000000	0.000000	0.000000	0.000000	0.000000	0.000000	0.000000	0.000000	0.000000	0.000000	0.000000	0.000000	0.000000	0.000000
38	F	O	0.999987	0.000002	0.000002	0.000018	0.000000	0.000000	0.000000	0.000000	0.000000	0.000000	0.000000	0.000000	0.000000	0.000000	0.000000	0.000000	0.000000	0.000000
39	G	O	0.999989	0.000002	0.000001	0.000015	0.000000	0.000000	0.000000	0.000000	0.000000	0.000000	0.000000	0.000000	0.000000	0.000000	0.000000	0.000000	0.000000	0.000000
40	A	O	0.999994	0.000001	0.000001	0.000011	0.000000	0.000000	0.000000	0.000000	0.000000	0.000000	0.000000	0.000000	0.000000	0.000000	0.000000	0.000000	0.000000	0.000000
41	V	O	0.999998	0.000001	0.000001	0.000009	0.000000	0.000000	0.000000	0.000000	0.000000	0.000000	0.000000	0.000000	0.000000	0.000000	0.000000	0.000000	0.000000	0.000000
42	A	O	1.000002	0.000001	0.000001	0.000007	0.000000	0.000000	0.000000	0.000000	0.000000	0.000000	0.000000	0.000000	0.000000	0.000000	0.000000	0.000000	0.000000	0.000000
43	I	O	1.000001	0.000001	0.000001	0.000006	0.000000	0.000000	0.000000	0.000000	0.000000	0.000000	0.000000	0.000000	0.000000	0.000000	0.000000	0.000000	0.000000	0.000000
44	S	O	1.000002	0.000001	0.000001	0.000005	0.000000	0.000000	0.000000	0.000000	0.000000	0.000000	0.000000	0.000000	0.000000	0.000000	0.000000	0.000000	0.000000	0.000000
45	P	O	0.999999	0.000001	0.000001	0.000005	0.000000	0.000000	0.000000	0.000000	0.000000	0.000000	0.000000	0.000000	0.000000	0.000000	0.000000	0.000000	0.000000	0.000000
46	G	O	1.000002	0.000001	0.000001	0.000004	0.000000	0.000000	0.000000	0.000000	0.000000	0.000000	0.000000	0.000000	0.000000	0.000000	0.000000	0.000001	0.000000	0.000000
47	F	O	1.000002	0.000000	0.000001	0.000004	0.000000	0.000000	0.000000	0.000000	0.000000	0.000000	0.000000	0.000000	0.000000	0.000000	0.000000	0.000001	0.000000	0.000000
48	T	O	1.000004	0.000000	0.000000	0.000004	0.000000	0.000000	0.000000	0.000001	0.000000	0.000000	0.000000	0.000000	0.000000	0.000000	0.000000	0.000001	0.000000	0.000000
49	A	O	1.000002	0.000000	0.000000	0.000003	0.000000	0.000000	0.000000	0.000001	0.000000	0.000000	0.000000	0.000000	0.000000	0.000000	0.000000	0.000001	0.000000	0.000000
50	Y	O	1.000006	0.000000	0.000000	0.000003	0.000001	0.000001	0.000000	0.000001	0.000000	0.000000	0.000000	0.000000	0.000000	0.000000	0.000000	0.000002	0.000000	0.000000
51	W	O	0.999999	0.000000	0.000000	0.000003	0.000001	0.000001	0.000000	0.000002	0.000000	0.000001	0.000001	0.000000	0.000000	0.000000	0.000000	0.000002	0.000001	0.000000
52	S	O	1.000000	0.000000	0.000000	0.000002	0.000001	0.000001	0.000000	0.000002	0.000000	0.000001	0.000001	0.000000	0.000000	0.000000	0.000000	0.000002	0.000001	0.000001
53	S	O	0.999997	0.000000	0.000000	0.000002	0.000001	0.000001	0.000000	0.000003	0.000000	0.000001	0.000001	0.000000	0.000000	0.000000	0.000000	0.000003	0.000001	0.000001
54	L	O	1.000001	0.000000	0.000000	0.000002	0.000001	0.000001	0.000000	0.000004	0.000001	0.000002	0.000001	0.000000	0.000000	0.000000	0.000000	0.000003	0.000001	0.000001
55	D	O	0.999990	0.000000	0.000000	0.000001	0.000002	0.000001	0.000000	0.000005	0.000001	0.000002	0.000002	0.000000	0.000000	0.000000	0.000000	0.000004	0.000001	0.000001
56	W	O	0.999979	0.000000	0.000000	0.000001	0.000002	0.000001	0.000001	0.000007	0.000001	0.000003	0.000003	0.000000	0.000000	0.000000	0.000000	0.000006	0.000001	0.000001
57	L	O	0.999980	0.000000	0.000000	0.000001	0.000003	0.000002	0.000001	0.000008	0.000001	0.000004	0.000004	0.000000	0.000000	0.000000	0.000000	0.000007	0.000002	0.000002
58	G	O	0.999964	0.000000	0.000000	0.000001	0.000004	0.000002	0.000001	0.000011	0.000001	0.000005	0.000005	0.000000	0.000000	0.000000	0.000000	0.000009	0.000002	0.000002
59	P	O	0.999952	0.000000	0.000000	0.000001	0.000005	0.000003	0.000001	0.000013	0.000002	0.000007	0.000008	0.000001	0.000000	0.000001	0.000001	0.000012	0.000002	0.000002
60	R	O	0.999929	0.000000	0.000000	0.000001	0.000006	0.000004	0.000001	0.000017	0.000003	0.000008	0.000012	0.000001	0.000000	0.000001	0.000001	0.000017	0.000003	0.000003
61	L	O	0.999905	0.000000	0.000000	0.000001	0.000007	0.000006	0.000001	0.000024	0.000003	0.000012	0.000016	0.000001	0.000000	0.000001	0.000001	0.000021	0.000004	0.000003
62	A	O	0.999876	0.000000	0.000000	0.000001	0.000007	0.000009	0.000001	0.000030	0.000004	0.000017	0.000022	0.000001	0.000000	0.000002	0.000002	0.000026	0.000006	0.000005
63	S	O	0.999846	0.000000	0.000000	0.000000	0.000007	0.000011	0.000002	0.000034	0.000004	0.000023	0.000029	0.000001	0.000000	0.000002	0.000002	0.000030	0.000009	0.000006
64	Q	O	0.999815	0.000000	0.000000	0.000000	0.000006	0.000013	0.000003	0.000033	0.000006	0.000033	0.000035	0.000001	0.000000	0.000003	0.000003	0.000030	0.000014	0.000009
65	G	O	0.999793	0.000000	0.000000	0.000000	0.000003	0.000016	0.000004	0.000032	0.000003	0.000045	0.000041	0.000001	0.000000	0.000005	0.000003	0.000025	0.000021	0.000013
66	F	O	0.999786	0.000000	0.000000	0.000000	0.000001	0.000017	0.000005	0.000021	0.000001	0.000061	0.000046	0.000000	0.000000	0.000006	0.000005	0.000017	0.000026	0.000020
67	V	O	0.999789	0.000000	0.000000	0.000000	0.000000	0.000016	0.000006	0.000008	0.000000	0.000061	0.000063	0.000000	0.000000	0.000007	0.000006	0.000008	0.000024	0.000025
68	V	O	0.999810	0.000000	0.000000	0.000000	0.000000	0.000011	0.000008	0.000000	0.000000	0.000037	0.000081	0.000000	0.000000	0.000005	0.000009	0.000000	0.000019	0.000027
69	I	O	0.999857	0.000000	0.000000	0.000000	0.000000	0.000000	0.000017	0.000000	0.000000	0.000000	0.000081	0.000000	0.000000	0.000000	0.000015	0.000000	0.000000	0.000034
70	G	O	0.999997	0.000000	0.000000	0.000000	0.000000	0.000000	0.000000	0.000000	0.000000	0.000000	0.000000	0.000000	0.000000	0.000000	0.000000	0.000000	0.000000	0.000000
