# Name=tournament_wt_298
# pos	aa	label	Other	Sec/SPI n	Sec/SPI h	Sec/SPI c	Sec/SPII n	Sec/SPII h	Sec/SPII cys	Tat/SPI n	Tat/SPI RR	Tat/SPI h	Tat/SPI c	Tat/SPII n	Tat/SPII RR	Tat/SPII h	Tat/SPII cys	Sec/SPIII P	Sec/SPIII cons.	Sec/SPIII h
1	A	O	0.995237	0.004604	0.000000	0.000000	0.000147	0.000000	0.000000	0.000000	0.000000	0.000000	0.000000	0.000000	0.000000	0.000000	0.000000	0.000009	0.000000	0.000000
2	S	O	0.995234	0.004010	0.000595	0.000000	0.000126	0.000021	0.000000	0.000000	0.000000	0.000000	0.000000	0.000000	0.000000	0.000000	0.000000	0.000008	0.000001	0.000000
3	G	O	0.995234	0.003501	0.000988	0.000115	0.000110	0.000037	0.000000	0.000000	0.000000	0.000000	0.000000	0.000000	0.000000	0.000000	0.000000	0.000007	0.000001	0.000001
4	L	O	0.995267	0.003060	0.001247	0.000268	0.000096	0.000047	0.000004	0.000000	0.000000	0.000000	0.000000	0.000000	0.000000	0.000000	0.000000	0.000006	0.000001	0.000001
5	L	O	0.995329	0.002722	0.001314	0.000483	0.000084	0.000054	0.000005	0.000000	0.000000	0.000000	0.000000	0.000000	0.000000	0.000000	0.000000	0.000005	0.000001	0.000001
6	G	O	0.995416	0.002470	0.001227	0.000740	0.000074	0.000056	0.000007	0.000000	0.000000	0.000000	0.000000	0.000000	0.000000	0.000000	0.000000	0.000005	0.000001	0.000001
7	N	O	0.995561	0.002256	0.001148	0.000890	0.000066	0.000056	0.000009	0.000000	0.000000	0.000000	0.000000	0.000000	0.000000	0.000000	0.000000	0.000004	0.000001	0.000001
8	G	O	0.995772	0.002024	0.001166	0.000906	0.000057	0.000056	0.000009	0.000000	0.000000	0.000000	0.000000	0.000000	0.000000	0.000000	0.000000	0.000004	0.000001	0.000001
9	S	O	0.996038	0.001785	0.001252	0.000805	0.000048	0.000059	0.000006	0.000000	0.000000	0.000000	0.000000	0.000000	0.000000	0.000000	0.000000	0.000003	0.000001	0.000001
10	F	O	0.996260	0.001513	0.001398	0.000715	0.000039	0.000062	0.000006	0.000000	0.000000	0.000000	0.000000	0.000000	0.000000	0.000000	0.000000	0.000003	0.000001	0.000001
11	S	O	0.996457	0.001284	0.001483	0.000675	0.000031	0.000065	0.000004	0.000000	0.000000	0.000000	0.000000	0.000000	0.000000	0.000000	0.000000	0.000002	0.000001	0.000000
12	V	O	0.996676	0.001012	0.001665	0.000546	0.000023	0.000068	0.000005	0.000000	0.000000	0.000000	0.000000	0.000000	0.000000	0.000000	0.000000	0.000002	0.000001	0.000000
13	S	O	0.996821	0.000851	0.001664	0.000573	0.000017	0.000069	0.000005	0.000000	0.000000	0.000000	0.000000	0.000000	0.000000	0.000000	0.000000	0.000002	0.000001	0.000001
14	T	O	0.996987	0.000690	0.001693	0.000542	0.000013	0.000068	0.000005	0.000000	0.000000	0.000000	0.000000	0.000000	0.000000	0.000000	0.000000	0.000001	0.000001	0.000000
15	T	O	0.997128	0.000542	0.001705	0.000538	0.000009	0.000065	0.000006	0.000000	0.000000	0.000000	0.000000	0.000000	0.000000	0.000000	0.000000	0.000001	0.000001	0.000001
16	S	O	0.997266	0.000415	0.001691	0.000548	0.000006	0.000061	0.000007	0.000000	0.000000	0.000000	0.000000	0.000000	0.000000	0.000000	0.000000	0.000001	0.000001	0.000000
17	V	O	0.997438	0.000293	0.001700	0.000500	0.000004	0.000056	0.000007	0.000000	0.000000	0.000000	0.000000	0.000000	0.000000	0.000000	0.000000	0.000001	0.000000	0.000000
18	S	O	0.997566	0.000209	0.001628	0.000539	0.000002	0.000051	0.000006	0.000000	0.000000	0.000000	0.000000	0.000000	0.000000	0.000000	0.000000	0.000000	0.000000	0.000000
19	S	O	0.997715	0.000135	0.001571	0.000527	0.000001	0.000046	0.000006	0.000000	0.000000	0.000000	0.000000	0.000000	0.000000	0.000000	0.000000	0.000000	0.000000	0.000000
20	L	O	0.997878	0.000079	0.001506	0.000490	0.000001	0.000041	0.000006	0.000000	0.000000	0.000000	0.000000	0.000000	0.000000	0.000000	0.000000	0.000000	0.000000	0.000000
21	V	O	0.998002	0.000048	0.001350	0.000559	0.000000	0.000037	0.000005	0.000000	0.000000	0.000000	0.000000	0.000000	0.000000	0.000000	0.000000	0.000000	0.000000	0.000000
22	L	O	0.998138	0.000032	0.001136	0.000663	0.000000	0.000032	0.000005	0.000000	0.000000	0.000000	0.000000	0.000000	0.000000	0.000000	0.000000	0.000000	0.000000	0.000000
23	G	O	0.998254	0.000026	0.000740	0.000955	0.000000	0.000026	0.000006	0.000000	0.000000	0.000000	0.000000	0.000000	0.000000	0.000000	0.000000	0.000000	0.000000	0.000000
24	F	O	0.998533	0.000022	0.000542	0.000884	0.000000	0.000017	0.000009	0.000000	0.000000	0.000000	0.000000	0.000000	0.000000	0.000000	0.000000	0.000000	0.000000	0.000000
25	G	O	0.998765	0.000019	0.000339	0.000863	0.000000	0.000010	0.000008	0.000000	0.000000	0.000000	0.000000	0.000000	0.000000	0.000000	0.000000	0.000000	0.000000	0.000000
26	G	O	0.999127	0.000017	0.000261	0.000592	0.000000	0.000004	0.000005	0.000000	0.000000	0.000000	0.000000	0.000000	0.000000	0.000000	0.000000	0.000000	0.000000	0.000000
27	G	O	0.999364	0.000015	0.000213	0.000411	0.000000	0.000002	0.000002	0.000000	0.000000	0.000000	0.000000	0.000000	0.000000	0.000000	0.000000	0.000000	0.000000	0.000000
28	T	O	0.999509	0.000013	0.000180	0.000300	0.000000	0.000001	0.000001	0.000000	0.000000	0.000000	0.000000	0.000000	0.000000	0.000000	0.000000	0.000000	0.000000	0.000000
29	I	O	0.999582	0.000011	0.000151	0.000258	0.000000	0.000001	0.000000	0.000000	0.000000	0.000000	0.000000	0.000000	0.000000	0.000000	0.000000	0.000000	0.000000	0.000000
30	Y	O	0.999622	0.000010	0.000119	0.000250	0.000000	0.000001	0.000000	0.000000	0.000000	0.000000	0.000000	0.000000	0.000000	0.000000	0.000000	0.000000	0.000000	0.000000
31	Y	O	0.999654	0.000008	0.000091	0.000250	0.000000	0.000000	0.000000	0.000000	0.000000	0.000000	0.000000	0.000000	0.000000	0.000000	0.000000	0.000000	0.000000	0.000000
32	P	O	0.999676	0.000007	0.000064	0.000256	0.000000	0.000000	0.000000	0.000000	0.000000	0.000000	0.000000	0.000000	0.000000	0.000000	0.000000	0.000000	0.000000	0.000000
33	T	O	0.999696	0.000006	0.000045	0.000257	0.000000	0.000000	0.000000	0.000000	0.000000	0.000000	0.000000	0.000000	0.000000	0.000000	0.000000	0.000000	0.000000	0.000000
34	S	O	0.999713	0.000006	0.000026	0.000265	0.000000	0.000000	0.000000	0.000000	0.000000	0.000000	0.000000	0.000000	0.000000	0.000000	0.000000	0.000000	0.000000	0.000000
35	T	O	0.999721	0.000005	0.000014	0.000265	0.000000	0.000000	0.000000	0.000000	0.000000	0.000000	0.000000	0.000000	0.000000	0.000000	0.000000	0.000000	0.000000	0.000000
36	A	O	0.999744	0.000005	0.000008	0.000253	0.000000	0.000000	0.000000	0.000000	0.000000	0.000000	0.000000	0.000000	0.000000	0.000000	0.000000	0.000000	0.000000	0.000000
37	E	O	0.999758	0.000005	0.000006	0.000234	0.000000	0.000000	0.000000	0.000000	0.000000	0.000000	0.000000	0.000000	0.000000	0.000000	0.000000	0.000000	0.000000	0.000000
38	G	O	0.999784	0.000004	0.000005	0.000213	0.000000	0.000000	0.000000	0.000000	0.000000	0.000000	0.000000	0.000000	0.000000	0.000000	0.000000	0.000000	0.000000	0.000000
39	T	O	0.999808	0.000004	0.000004	0.000191	0.000000	0.000000	0.000000	0.000000	0.000000	0.000000	0.000000	0.000000	0.000000	0.000000	0.000000	0.000000	0.000000	0.000000
40	F	O	0.999822	0.000003	0.000004	0.000174	0.000000	0.000000	0.000000	0.000000	0.000000	0.000000	0.000000	0.000000	0.000000	0.000000	0.000000	0.000000	0.000000	0.000000
41	G	O	0.999841	0.000003	0.000003	0.000160	0.000000	0.000000	0.000000	0.000000	0.000000	0.000000	0.000000	0.000000	0.000000	0.000000	0.000000	0.000000	0.000000	0.000000
42	G	O	0.999852	0.000003	0.000003	0.000147	0.000000	0.000000	0.000000	0.000000	0.000000	0.000000	0.000000	0.000000	0.000000	0.000000	0.000000	0.000000	0.000000	0.000000
43	V	O	0.999869	0.000002	0.000003	0.000137	0.000000	0.000000	0.000000	0.000000	0.000000	0.000000	0.000000	0.000000	0.000000	0.000000	0.000000	0.000000	0.000000	0.000000
44	V	O	0.999876	0.000002	0.000003	0.000130	0.000000	0.000000	0.000000	0.000000	0.000000	0.000000	0.000000	0.000000	0.000000	0.000000	0.000000	0.000000	0.000000	0.000000
45	L	O	0.999874	0.000001	0.000003	0.000125	0.000000	0.000000	0.000000	0.000000	0.000000	0.000000	0.000000	0.000000	0.000000	0.000000	0.000000	0.000000	0.000000	0.000000
46	S	O	0.999883	0.000001	0.000002	0.000121	0.000000	0.000000	0.000000	0.000000	0.000000	0.000000	0.000000	0.000000	0.000000	0.000000	0.000000	0.000000	0.000000	0.000000
47	P	O	0.999885	0.000001	0.000002	0.000117	0.000000	0.000000	0.000000	0.000000	0.000000	0.000000	0.000000	0.000000	0.000000	0.000000	0.000000	0.000000	0.000000	0.000000
48	G	O	0.999891	0.000001	0.000002	0.000113	0.000000	0.000000	0.000000	0.000001	0.000000	0.000000	0.000000	0.000000	0.000000	0.000000	0.000000	0.000000	0.000000	0.000000
49	F	O	0.999894	0.000001	0.000001	0.000109	0.000000	0.000000	0.000000	0.000001	0.000000	0.000000	0.000000	0.000000	0.000000	0.000000	0.000000	0.000001	0.000000	0.000000
50	T	O	0.999900	0.000000	0.000001	0.000104	0.000000	0.000000	0.000000	0.000001	0.000000	0.000000	0.000000	0.000000	0.000000	0.000000	0.000000	0.000001	0.000000	0.000000
51	A	O	0.999904	0.000000	0.000001	0.000099	0.000000	0.000000	0.000000	0.000001	0.000000	0.000001	0.000001	0.000000	0.000000	0.000000	0.000000	0.000001	0.000000	0.000000
52	T	O	0.999908	0.000000	0.000001	0.000093	0.000000	0.000000	0.000000	0.000001	0.000000	0.000001	0.000001	0.000000	0.000000	0.000000	0.000000	0.000001	0.000000	0.000000
53	S	O	0.999915	0.000000	0.000001	0.000087	0.000000	0.000001	0.000000	0.000001	0.000000	0.000001	0.000001	0.000000	0.000000	0.000000	0.000000	0.000001	0.000000	0.000000
54	G	O	0.999919	0.000000	0.000000	0.000080	0.000000	0.000001	0.000000	0.000002	0.000000	0.000001	0.000001	0.000000	0.000000	0.000000	0.000000	0.000001	0.000000	0.000000
55	S	O	0.999922	0.000000	0.000000	0.000073	0.000001	0.000001	0.000000	0.000002	0.000000	0.000001	0.000001	0.000000	0.000000	0.000000	0.000000	0.000002	0.000000	0.000000
56	Y	O	0.999931	0.000000	0.000000	0.000065	0.000001	0.000001	0.000000	0.000002	0.000000	0.000001	0.000002	0.000000	0.000000	0.000000	0.000000	0.000002	0.000001	0.000001
57	A	O	0.999936	0.000000	0.000000	0.000058	0.000001	0.000001	0.000000	0.000003	0.000000	0.000002	0.000002	0.000000	0.000000	0.000000	0.000000	0.000002	0.000001	0.000001
58	G	O	0.999947	0.000000	0.000000	0.000051	0.000001	0.000001	0.000000	0.000003	0.000000	0.000002	0.000003	0.000000	0.000000	0.000000	0.000000	0.000002	0.000001	0.000001
59	V	O	0.999949	0.000000	0.000000	0.000044	0.000001	0.000001	0.000000	0.000003	0.000000	0.000003	0.000003	0.000000	0.000000	0.000000	0.000000	0.000003	0.000001	0.000001
60	A	O	0.999953	0.000000	0.000000	0.000037	0.000001	0.000001	0.000000	0.000004	0.000000	0.000003	0.000004	0.000000	0.000000	0.000000	0.000000	0.000003	0.000001	0.000001
61	R	O	0.999958	0.000000	0.000000	0.000030	0.000001	0.000001	0.000000	0.000004	0.000001	0.000003	0.000005	0.000000	0.000000	0.000000	0.000000	0.000004	0.000001	0.000001
62	R	O	0.999956	0.000000	0.000000	0.000024	0.000001	0.000001	0.000000	0.000004	0.000001	0.000003	0.000006	0.000000	0.000000	0.000000	0.000000	0.000004	0.000001	0.000001
63	V	O	0.999962	0.000000	0.000000	0.000019	0.000001	0.000002	0.000000	0.000005	0.000000	0.000005	0.000007	0.000000	0.000000	0.000000	0.000000	0.000005	0.000002	0.000001
64	A	O	0.999961	0.000000	0.000000	0.000014	0.000001	0.000002	0.000001	0.000005	0.000000	0.000006	0.000009	0.000000	0.000000	0.000001	0.000001	0.000005	0.000002	0.000002
65	S	O	0.999957	0.000000	0.000000	0.000011	0.000001	0.000002	0.000001	0.000005	0.000000	0.000007	0.000012	0.000000	0.000000	0.000001	0.000001	0.000005	0.000003	0.000002
66	H	O	0.999958	0.000000	0.000000	0.000007	0.000000	0.000002	0.000001	0.000003	0.000000	0.000008	0.000014	0.000000	0.000000	0.000001	0.000001	0.000004	0.000004	0.000003
67	G	O	0.999960	0.000000	0.000000	0.000004	0.000000	0.000002	0.000001	0.000002	0.000000	0.000007	0.000016	0.000000	0.000000	0.000001	0.000002	0.000003	0.000004	0.000004
68	F	O	0.999975	0.000000	0.000000	0.000001	0.000000	0.000001	0.000002	0.000000	0.000000	0.000006	0.000015	0.000000	0.000000	0.000001	0.000002	0.000000	0.000005	0.000005
69	V	O	0.999977	0.000000	0.000000	0.000000	0.000000	0.000000	0.000003	0.000000	0.000000	0.000000	0.000016	0.000000	0.000000	0.000000	0.000004	0.000000	0.000000	0.000008
70	V	O	0.999998	0.000000	0.000000	0.000000	0.000000	0.000000	0.000000	0.000000	0.000000	0.000000	0.000000	0.000000	0.000000	0.000000	0.000000	0.000000	0.000000	0.000000
