# Name=tournament_wt_130
# pos	aa	label	Other	Sec/SPI n	Sec/SPI h	Sec/SPI c	Sec/SPII n	Sec/SPII h	Sec/SPII cys	Tat/SPI n	Tat/SPI RR	Tat/SPI h	Tat/SPI c	Tat/SPII n	Tat/SPII RR	Tat/SPII h	Tat/SPII cys	Sec/SPIII P	Sec/SPIII cons.	Sec/SPIII h
1	A	O	0.995678	0.004090	0.000000	0.000000	0.000198	0.000000	0.000000	0.000001	0.000000	0.000000	0.000000	0.000000	0.000000	0.000000	0.000000	0.000028	0.000000	0.000000
2	I	O	0.995684	0.002643	0.001446	0.000000	0.000133	0.000065	0.000000	0.000001	0.000000	0.000000	0.000000	0.000000	0.000000	0.000000	0.000000	0.000022	0.000006	0.000000
3	L	O	0.995688	0.001976	0.001707	0.000406	0.000095	0.000104	0.000000	0.000000	0.000000	0.000000	0.000000	0.000000	0.000000	0.000000	0.000000	0.000017	0.000006	0.000004
4	E	O	0.995711	0.001572	0.001549	0.000947	0.000070	0.000115	0.000014	0.000000	0.000000	0.000000	0.000000	0.000000	0.000000	0.000000	0.000000	0.000014	0.000005	0.000005
5	A	O	0.995792	0.001223	0.001426	0.001354	0.000051	0.000107	0.000026	0.000000	0.000000	0.000000	0.000000	0.000000	0.000000	0.000000	0.000000	0.000012	0.000004	0.000005
6	S	O	0.995928	0.000963	0.001216	0.001722	0.000039	0.000093	0.000027	0.000000	0.000000	0.000000	0.000000	0.000000	0.000000	0.000000	0.000000	0.000009	0.000003	0.000004
7	R	O	0.996085	0.000754	0.000986	0.002034	0.000029	0.000074	0.000028	0.000000	0.000000	0.000000	0.000000	0.000000	0.000000	0.000000	0.000000	0.000008	0.000003	0.000003
8	G	O	0.996281	0.000587	0.000778	0.002246	0.000022	0.000060	0.000022	0.000000	0.000000	0.000000	0.000000	0.000000	0.000000	0.000000	0.000000	0.000006	0.000002	0.000002
9	P	O	0.996536	0.000461	0.000610	0.002309	0.000017	0.000047	0.000019	0.000000	0.000000	0.000000	0.000000	0.000000	0.000000	0.000000	0.000000	0.000005	0.000002	0.000002
10	F	O	0.996828	0.000362	0.000481	0.002263	0.000012	0.000037	0.000014	0.000000	0.000000	0.000000	0.000000	0.000000	0.000000	0.000000	0.000000	0.000004	0.000001	0.000002
11	A	O	0.997161	0.000296	0.000354	0.002139	0.000010	0.000029	0.000010	0.000000	0.000000	0.000000	0.000000	0.000000	0.000000	0.000000	0.000000	0.000003	0.000001	0.000001
12	T	O	0.997660	0.000237	0.000311	0.001755	0.000007	0.000022	0.000010	0.000000	0.000000	0.000000	0.000000	0.000000	0.000000	0.000000	0.000000	0.000003	0.000001	0.000001
13	S	O	0.998156	0.000187	0.000283	0.001350	0.000005	0.000017	0.000007	0.000000	0.000000	0.000000	0.000000	0.000000	0.000000	0.000000	0.000000	0.000002	0.000001	0.000001
14	S	O	0.998641	0.000140	0.000280	0.000921	0.000004	0.000014	0.000004	0.000000	0.000000	0.000000	0.000000	0.000000	0.000000	0.000000	0.000000	0.000002	0.000001	0.000001
15	I	O	0.998952	0.000097	0.000280	0.000661	0.000003	0.000012	0.000003	0.000000	0.000000	0.000000	0.000000	0.000000	0.000000	0.000000	0.000000	0.000001	0.000001	0.000001
16	N	O	0.999116	0.000072	0.000237	0.000568	0.000002	0.000011	0.000002	0.000000	0.000000	0.000000	0.000000	0.000000	0.000000	0.000000	0.000000	0.000001	0.000001	0.000001
17	V	O	0.999269	0.000050	0.000209	0.000466	0.000001	0.000009	0.000003	0.000000	0.000000	0.000000	0.000000	0.000000	0.000000	0.000000	0.000000	0.000001	0.000000	0.000000
18	S	O	0.999379	0.000037	0.000164	0.000415	0.000001	0.000007	0.000002	0.000000	0.000000	0.000000	0.000000	0.000000	0.000000	0.000000	0.000000	0.000000	0.000000	0.000000
19	S	O	0.999502	0.000027	0.000133	0.000337	0.000000	0.000005	0.000002	0.000000	0.000000	0.000000	0.000000	0.000000	0.000000	0.000000	0.000000	0.000000	0.000000	0.000000
20	L	O	0.999616	0.000019	0.000110	0.000259	0.000000	0.000004	0.000001	0.000000	0.000000	0.000000	0.000000	0.000000	0.000000	0.000000	0.000000	0.000000	0.000000	0.000000
21	S	O	0.999686	0.000013	0.000083	0.000222	0.000000	0.000003	0.000001	0.000000	0.000000	0.000000	0.000000	0.000000	0.000000	0.000000	0.000000	0.000000	0.000000	0.000000
22	V	O	0.999739	0.000009	0.000061	0.000188	0.000000	0.000002	0.000001	0.000000	0.000000	0.000000	0.000000	0.000000	0.000000	0.000000	0.000000	0.000000	0.000000	0.000000
23	T	O	0.999788	0.000007	0.000039	0.000169	0.000000	0.000002	0.000001	0.000000	0.000000	0.000000	0.000000	0.000000	0.000000	0.000000	0.000000	0.000000	0.000000	0.000000
24	G	O	0.999829	0.000006	0.000024	0.000144	0.000000	0.000001	0.000001	0.000000	0.000000	0.000000	0.000000	0.000000	0.000000	0.000000	0.000000	0.000000	0.000000	0.000000
25	F	O	0.999881	0.000005	0.000016	0.000104	0.000000	0.000001	0.000000	0.000000	0.000000	0.000000	0.000000	0.000000	0.000000	0.000000	0.000000	0.000000	0.000000	0.000000
26	G	O	0.999918	0.000004	0.000011	0.000074	0.000000	0.000000	0.000000	0.000000	0.000000	0.000000	0.000000	0.000000	0.000000	0.000000	0.000000	0.000000	0.000000	0.000000
27	G	O	0.999947	0.000004	0.000008	0.000046	0.000000	0.000000	0.000000	0.000000	0.000000	0.000000	0.000000	0.000000	0.000000	0.000000	0.000000	0.000000	0.000000	0.000000
28	G	O	0.999965	0.000003	0.000007	0.000030	0.000000	0.000000	0.000000	0.000000	0.000000	0.000000	0.000000	0.000000	0.000000	0.000000	0.000000	0.000000	0.000000	0.000000
29	V	O	0.999977	0.000003	0.000006	0.000020	0.000000	0.000000	0.000000	0.000000	0.000000	0.000000	0.000000	0.000000	0.000000	0.000000	0.000000	0.000000	0.000000	0.000000
30	I	O	0.999980	0.000002	0.000005	0.000016	0.000000	0.000000	0.000000	0.000000	0.000000	0.000000	0.000000	0.000000	0.000000	0.000000	0.000000	0.000000	0.000000	0.000000
31	Y	O	0.999987	0.000002	0.000005	0.000014	0.000000	0.000000	0.000000	0.000000	0.000000	0.000000	0.000000	0.000000	0.000000	0.000000	0.000000	0.000000	0.000000	0.000000
32	Y	O	0.999984	0.000002	0.000004	0.000012	0.000000	0.000000	0.000000	0.000000	0.000000	0.000000	0.000000	0.000000	0.000000	0.000000	0.000000	0.000000	0.000000	0.000000
33	P	O	0.999981	0.000001	0.000003	0.000012	0.000000	0.000000	0.000000	0.000000	0.000000	0.000000	0.000000	0.000000	0.000000	0.000000	0.000000	0.000000	0.000000	0.000000
34	T	O	0.999988	0.000001	0.000002	0.000012	0.000000	0.000000	0.000000	0.000000	0.000000	0.000000	0.000000	0.000000	0.000000	0.000000	0.000000	0.000000	0.000000	0.000000
35	S	O	0.999988	0.000001	0.000001	0.000012	0.000000	0.000000	0.000000	0.000000	0.000000	0.000000	0.000000	0.000000	0.000000	0.000000	0.000000	0.000000	0.000000	0.000000
36	T	O	0.999984	0.000001	0.000001	0.000011	0.000000	0.000000	0.000000	0.000000	0.000000	0.000000	0.000000	0.000000	0.000000	0.000000	0.000000	0.000000	0.000000	0.000000
37	A	O	0.999988	0.000001	0.000001	0.000011	0.000000	0.000000	0.000000	0.000000	0.000000	0.000000	0.000000	0.000000	0.000000	0.000000	0.000000	0.000000	0.000000	0.000000
38	E	O	0.999990	0.000001	0.000000	0.000010	0.000000	0.000000	0.000000	0.000000	0.000000	0.000000	0.000000	0.000000	0.000000	0.000000	0.000000	0.000000	0.000000	0.000000
39	G	O	0.999991	0.000001	0.000000	0.000009	0.000000	0.000000	0.000000	0.000000	0.000000	0.000000	0.000000	0.000000	0.000000	0.000000	0.000000	0.000000	0.000000	0.000000
40	T	O	0.999993	0.000000	0.000000	0.000008	0.000000	0.000000	0.000000	0.000000	0.000000	0.000000	0.000000	0.000000	0.000000	0.000000	0.000000	0.000000	0.000000	0.000000
41	F	O	0.999995	0.000000	0.000000	0.000007	0.000000	0.000000	0.000000	0.000000	0.000000	0.000000	0.000000	0.000000	0.000000	0.000000	0.000000	0.000000	0.000000	0.000000
42	G	O	0.999994	0.000000	0.000000	0.000006	0.000000	0.000000	0.000000	0.000000	0.000000	0.000000	0.000000	0.000000	0.000000	0.000000	0.000000	0.000000	0.000000	0.000000
43	A	O	1.000001	0.000000	0.000000	0.000005	0.000000	0.000000	0.000000	0.000000	0.000000	0.000000	0.000000	0.000000	0.000000	0.000000	0.000000	0.000000	0.000000	0.000000
44	V	O	1.000000	0.000000	0.000000	0.000005	0.000000	0.000000	0.000000	0.000000	0.000000	0.000000	0.000000	0.000000	0.000000	0.000000	0.000000	0.000000	0.000000	0.000000
45	A	O	0.999998	0.000000	0.000000	0.000004	0.000000	0.000000	0.000000	0.000000	0.000000	0.000000	0.000000	0.000000	0.000000	0.000000	0.000000	0.000000	0.000000	0.000000
46	I	O	0.999999	0.000000	0.000000	0.000004	0.000000	0.000000	0.000000	0.000000	0.000000	0.000000	0.000000	0.000000	0.000000	0.000000	0.000000	0.000000	0.000000	0.000000
47	S	O	0.999997	0.000000	0.000000	0.000004	0.000000	0.000000	0.000000	0.000001	0.000000	0.000000	0.000000	0.000000	0.000000	0.000000	0.000000	0.000001	0.000000	0.000000
48	P	O	1.000002	0.000000	0.000000	0.000003	0.000000	0.000000	0.000000	0.000001	0.000000	0.000000	0.000000	0.000000	0.000000	0.000000	0.000000	0.000001	0.000000	0.000000
49	G	O	1.000002	0.000000	0.000000	0.000003	0.000001	0.000001	0.000000	0.000001	0.000000	0.000001	0.000001	0.000000	0.000000	0.000000	0.000000	0.000001	0.000000	0.000000
50	Y	O	0.999997	0.000000	0.000000	0.000003	0.000001	0.000001	0.000000	0.000001	0.000000	0.000001	0.000001	0.000000	0.000000	0.000000	0.000000	0.000001	0.000000	0.000000
51	T	O	0.999995	0.000000	0.000000	0.000003	0.000001	0.000001	0.000000	0.000002	0.000000	0.000001	0.000001	0.000000	0.000000	0.000000	0.000000	0.000002	0.000000	0.000000
52	A	O	0.999998	0.000000	0.000000	0.000003	0.000001	0.000001	0.000000	0.000002	0.000000	0.000001	0.000001	0.000000	0.000000	0.000000	0.000000	0.000002	0.000000	0.000000
53	S	O	0.999998	0.000000	0.000000	0.000002	0.000001	0.000001	0.000000	0.000003	0.000000	0.000002	0.000002	0.000000	0.000000	0.000000	0.000000	0.000002	0.000001	0.000001
54	W	O	0.999995	0.000000	0.000000	0.000002	0.000001	0.000001	0.000000	0.000004	0.000001	0.000002	0.000002	0.000000	0.000000	0.000000	0.000000	0.000003	0.000001	0.000001
55	S	O	0.999992	0.000000	0.000000	0.000002	0.000001	0.000002	0.000000	0.000004	0.000001	0.000002	0.000002	0.000000	0.000000	0.000000	0.000000	0.000003	0.000001	0.000001
56	S	O	0.999990	0.000000	0.000000	0.000001	0.000001	0.000002	0.000000	0.000005	0.000001	0.000003	0.000003	0.000000	0.000000	0.000000	0.000000	0.000004	0.000001	0.000001
57	L	O	0.999987	0.000000	0.000000	0.000001	0.000001	0.000002	0.000001	0.000006	0.000001	0.000004	0.000003	0.000000	0.000000	0.000000	0.000000	0.000004	0.000001	0.000001
58	S	O	0.999982	0.000000	0.000000	0.000001	0.000002	0.000002	0.000001	0.000008	0.000001	0.000005	0.000005	0.000000	0.000000	0.000000	0.000000	0.000005	0.000002	0.000002
59	W	O	0.999979	0.000000	0.000000	0.000001	0.000002	0.000003	0.000001	0.000009	0.000001	0.000006	0.000005	0.000000	0.000000	0.000000	0.000000	0.000005	0.000002	0.000002
60	L	O	0.999970	0.000000	0.000000	0.000001	0.000002	0.000003	0.000001	0.000010	0.000001	0.000008	0.000007	0.000000	0.000000	0.000000	0.000000	0.000006	0.000002	0.000002
61	G	O	0.999959	0.000000	0.000000	0.000000	0.000002	0.000003	0.000001	0.000011	0.000001	0.000009	0.000010	0.000000	0.000000	0.000001	0.000001	0.000007	0.000002	0.000003
62	P	O	0.999946	0.000000	0.000000	0.000000	0.000002	0.000003	0.000001	0.000012	0.000002	0.000011	0.000013	0.000000	0.000000	0.000001	0.000001	0.000008	0.000003	0.000003
63	R	O	0.999939	0.000000	0.000000	0.000000	0.000002	0.000004	0.000001	0.000013	0.000002	0.000013	0.000018	0.000000	0.000000	0.000001	0.000001	0.000009	0.000003	0.000003
64	I	O	0.999928	0.000000	0.000000	0.000000	0.000001	0.000004	0.000002	0.000014	0.000001	0.000017	0.000022	0.000000	0.000000	0.000001	0.000001	0.000009	0.000005	0.000004
65	A	O	0.999918	0.000000	0.000000	0.000000	0.000001	0.000005	0.000002	0.000012	0.000001	0.000019	0.000031	0.000000	0.000000	0.000002	0.000002	0.000009	0.000006	0.000006
66	S	O	0.999911	0.000000	0.000000	0.000000	0.000000	0.000005	0.000002	0.000008	0.000000	0.000020	0.000040	0.000000	0.000000	0.000002	0.000002	0.000007	0.000007	0.000007
67	H	O	0.999912	0.000000	0.000000	0.000000	0.000000	0.000004	0.000003	0.000003	0.000000	0.000017	0.000046	0.000000	0.000000	0.000002	0.000003	0.000004	0.000008	0.000009
68	G	O	0.999916	0.000000	0.000000	0.000000	0.000000	0.000003	0.000003	0.000000	0.000000	0.000008	0.000048	0.000000	0.000000	0.000002	0.000004	0.000000	0.000006	0.000011
69	F	O	0.999957	0.000000	0.000000	0.000000	0.000000	0.000000	0.000004	0.000000	0.000000	0.000000	0.000030	0.000000	0.000000	0.000000	0.000006	0.000000	0.000000	0.000011
70	V	O	0.999999	0.000000	0.000000	0.000000	0.000000	0.000000	0.000000	0.000000	0.000000	0.000000	0.000000	0.000000	0.000000	0.000000	0.000000	0.000000	0.000000	0.000000
