# Name=tournament_wt_253
# pos	aa	label	Other	Sec/SPI n	Sec/SPI h	Sec/SPI c	Sec/SPII n	Sec/SPII h	Sec/SPII cys	Tat/SPI n	Tat/SPI RR	Tat/SPI h	Tat/SPI c	Tat/SPII n	Tat/SPII RR	Tat/SPII h	Tat/SPII cys	Sec/SPIII P	Sec/SPIII cons.	Sec/SPIII h
1	A	O	0.992452	0.007111	0.000000	0.000000	0.000405	0.000000	0.000000	0.000002	0.000000	0.000000	0.000000	0.000000	0.000000	0.000000	0.000000	0.000046	0.000000	0.000000
2	S	O	0.992456	0.005473	0.001638	0.000000	0.000310	0.000095	0.000000	0.000001	0.000000	0.000000	0.000000	0.000000	0.000000	0.000000	0.000000	0.000039	0.000007	0.000000
3	I	O	0.992462	0.004067	0.002879	0.000164	0.000229	0.000176	0.000000	0.000001	0.000000	0.000001	0.000000	0.000000	0.000000	0.000000	0.000000	0.000032	0.000009	0.000005
4	E	O	0.992461	0.003155	0.003416	0.000535	0.000172	0.000221	0.000012	0.000001	0.000000	0.000001	0.000000	0.000000	0.000000	0.000000	0.000000	0.000028	0.000008	0.000007
5	A	O	0.992494	0.002408	0.003716	0.000967	0.000129	0.000237	0.000026	0.000001	0.000000	0.000001	0.000000	0.000000	0.000000	0.000000	0.000000	0.000023	0.000007	0.000007
6	T	O	0.992558	0.001840	0.003725	0.001497	0.000096	0.000237	0.000033	0.000001	0.000000	0.000001	0.000000	0.000000	0.000000	0.000000	0.000000	0.000020	0.000006	0.000006
7	L	O	0.992632	0.001364	0.003573	0.002083	0.000070	0.000222	0.000041	0.000000	0.000000	0.000001	0.000000	0.000000	0.000000	0.000000	0.000000	0.000016	0.000005	0.000005
8	G	O	0.992734	0.001002	0.003243	0.002718	0.000050	0.000203	0.000039	0.000000	0.000000	0.000001	0.000001	0.000000	0.000000	0.000000	0.000000	0.000014	0.000004	0.000005
9	P	O	0.992860	0.000738	0.002829	0.003312	0.000037	0.000172	0.000044	0.000000	0.000000	0.000000	0.000001	0.000000	0.000000	0.000000	0.000000	0.000011	0.000004	0.000004
10	F	O	0.993049	0.000513	0.002517	0.003714	0.000025	0.000146	0.000038	0.000000	0.000000	0.000000	0.000000	0.000000	0.000000	0.000000	0.000000	0.000009	0.000004	0.000003
11	A	O	0.993238	0.000370	0.002066	0.004156	0.000018	0.000126	0.000027	0.000000	0.000000	0.000000	0.000000	0.000000	0.000000	0.000000	0.000000	0.000007	0.000003	0.000003
12	T	O	0.993494	0.000251	0.001730	0.004391	0.000012	0.000099	0.000034	0.000000	0.000000	0.000000	0.000000	0.000000	0.000000	0.000000	0.000000	0.000006	0.000003	0.000003
13	A	O	0.993862	0.000167	0.001448	0.004418	0.000008	0.000074	0.000028	0.000000	0.000000	0.000000	0.000000	0.000000	0.000000	0.000000	0.000000	0.000004	0.000002	0.000003
14	Q	O	0.994436	0.000113	0.001204	0.004176	0.000006	0.000058	0.000019	0.000000	0.000000	0.000000	0.000000	0.000000	0.000000	0.000000	0.000000	0.000003	0.000002	0.000002
15	T	O	0.994768	0.000071	0.000912	0.004192	0.000003	0.000048	0.000013	0.000000	0.000000	0.000000	0.000000	0.000000	0.000000	0.000000	0.000000	0.000003	0.000001	0.000001
16	T	O	0.995056	0.000045	0.000601	0.004256	0.000002	0.000038	0.000011	0.000000	0.000000	0.000000	0.000000	0.000000	0.000000	0.000000	0.000000	0.000002	0.000001	0.000001
17	V	O	0.995401	0.000031	0.000354	0.004184	0.000001	0.000028	0.000011	0.000000	0.000000	0.000000	0.000000	0.000000	0.000000	0.000000	0.000000	0.000001	0.000001	0.000001
18	A	O	0.995844	0.000024	0.000167	0.003943	0.000001	0.000019	0.000010	0.000000	0.000000	0.000000	0.000000	0.000000	0.000000	0.000000	0.000000	0.000001	0.000001	0.000001
19	A	O	0.996798	0.000020	0.000096	0.003085	0.000000	0.000011	0.000008	0.000000	0.000000	0.000000	0.000000	0.000000	0.000000	0.000000	0.000000	0.000001	0.000000	0.000001
20	G	O	0.997813	0.000016	0.000060	0.002113	0.000000	0.000006	0.000005	0.000000	0.000000	0.000000	0.000000	0.000000	0.000000	0.000000	0.000000	0.000001	0.000000	0.000000
21	S	O	0.998625	0.000014	0.000042	0.001326	0.000000	0.000003	0.000002	0.000000	0.000000	0.000000	0.000000	0.000000	0.000000	0.000000	0.000000	0.000000	0.000000	0.000000
22	V	O	0.999081	0.000012	0.000030	0.000888	0.000000	0.000002	0.000001	0.000000	0.000000	0.000000	0.000000	0.000000	0.000000	0.000000	0.000000	0.000000	0.000000	0.000000
23	S	O	0.999334	0.000010	0.000019	0.000650	0.000000	0.000001	0.000001	0.000000	0.000000	0.000000	0.000000	0.000000	0.000000	0.000000	0.000000	0.000000	0.000000	0.000000
24	G	O	0.999524	0.000009	0.000013	0.000463	0.000000	0.000001	0.000001	0.000000	0.000000	0.000000	0.000000	0.000000	0.000000	0.000000	0.000000	0.000000	0.000000	0.000000
25	F	O	0.999724	0.000008	0.000011	0.000276	0.000000	0.000000	0.000000	0.000000	0.000000	0.000000	0.000000	0.000000	0.000000	0.000000	0.000000	0.000000	0.000000	0.000000
26	G	O	0.999824	0.000008	0.000009	0.000178	0.000000	0.000000	0.000000	0.000000	0.000000	0.000000	0.000000	0.000000	0.000000	0.000000	0.000000	0.000000	0.000000	0.000000
27	G	O	0.999891	0.000007	0.000008	0.000109	0.000000	0.000000	0.000000	0.000000	0.000000	0.000000	0.000000	0.000000	0.000000	0.000000	0.000000	0.000000	0.000000	0.000000
28	G	O	0.999935	0.000006	0.000008	0.000071	0.000000	0.000000	0.000000	0.000000	0.000000	0.000000	0.000000	0.000000	0.000000	0.000000	0.000000	0.000000	0.000000	0.000000
29	T	O	0.999957	0.000005	0.000008	0.000048	0.000000	0.000000	0.000000	0.000000	0.000000	0.000000	0.000000	0.000000	0.000000	0.000000	0.000000	0.000000	0.000000	0.000000
30	I	O	0.999970	0.000004	0.000008	0.000037	0.000000	0.000000	0.000000	0.000000	0.000000	0.000000	0.000000	0.000000	0.000000	0.000000	0.000000	0.000000	0.000000	0.000000
31	Y	O	0.999973	0.000004	0.000007	0.000032	0.000000	0.000000	0.000000	0.000000	0.000000	0.000000	0.000000	0.000000	0.000000	0.000000	0.000000	0.000000	0.000000	0.000000
32	Y	O	0.999973	0.000003	0.000006	0.000030	0.000000	0.000000	0.000000	0.000000	0.000000	0.000000	0.000000	0.000000	0.000000	0.000000	0.000000	0.000000	0.000000	0.000000
33	P	O	0.999981	0.000003	0.000006	0.000029	0.000000	0.000000	0.000000	0.000000	0.000000	0.000000	0.000000	0.000000	0.000000	0.000000	0.000000	0.000000	0.000000	0.000000
34	T	O	0.999979	0.000002	0.000005	0.000028	0.000000	0.000000	0.000000	0.000000	0.000000	0.000000	0.000000	0.000000	0.000000	0.000000	0.000000	0.000000	0.000000	0.000000
35	S	O	0.999981	0.000002	0.000004	0.000028	0.000000	0.000000	0.000000	0.000000	0.000000	0.000000	0.000000	0.000000	0.000000	0.000000	0.000000	0.000000	0.000000	0.000000
36	T	O	0.999986	0.000002	0.000002	0.000029	0.000000	0.000000	0.000000	0.000000	0.000000	0.000000	0.000000	0.000000	0.000000	0.000000	0.000000	0.000000	0.000000	0.000000
37	A	O	0.999984	0.000001	0.000002	0.000028	0.000000	0.000000	0.000000	0.000000	0.000000	0.000000	0.000000	0.000000	0.000000	0.000000	0.000000	0.000000	0.000000	0.000000
38	E	O	0.999989	0.000001	0.000001	0.000027	0.000000	0.000000	0.000000	0.000000	0.000000	0.000000	0.000000	0.000000	0.000000	0.000000	0.000000	0.000000	0.000000	0.000000
39	G	O	0.999990	0.000001	0.000001	0.000026	0.000000	0.000000	0.000000	0.000000	0.000000	0.000000	0.000000	0.000000	0.000000	0.000000	0.000000	0.000000	0.000000	0.000000
40	T	O	0.999996	0.000001	0.000001	0.000024	0.000000	0.000000	0.000000	0.000000	0.000000	0.000000	0.000000	0.000000	0.000000	0.000000	0.000000	0.000000	0.000000	0.000000
41	F	O	0.999998	0.000001	0.000001	0.000022	0.000000	0.000000	0.000000	0.000000	0.000000	0.000000	0.000000	0.000000	0.000000	0.000000	0.000000	0.000001	0.000000	0.000000
42	G	O	0.999998	0.000001	0.000001	0.000020	0.000000	0.000000	0.000000	0.000000	0.000000	0.000000	0.000000	0.000000	0.000000	0.000000	0.000000	0.000001	0.000000	0.000000
43	A	O	1.000002	0.000001	0.000001	0.000019	0.000000	0.000000	0.000000	0.000000	0.000000	0.000000	0.000000	0.000000	0.000000	0.000000	0.000000	0.000001	0.000000	0.000000
44	V	O	1.000003	0.000000	0.000001	0.000017	0.000000	0.000001	0.000000	0.000001	0.000000	0.000000	0.000000	0.000000	0.000000	0.000000	0.000000	0.000001	0.000000	0.000000
45	A	O	0.999998	0.000000	0.000001	0.000016	0.000000	0.000001	0.000000	0.000001	0.000000	0.000000	0.000000	0.000000	0.000000	0.000000	0.000000	0.000001	0.000000	0.000000
46	I	O	0.999996	0.000000	0.000001	0.000015	0.000000	0.000001	0.000000	0.000001	0.000000	0.000001	0.000000	0.000000	0.000000	0.000000	0.000000	0.000001	0.000000	0.000000
47	S	O	0.999997	0.000000	0.000001	0.000014	0.000001	0.000001	0.000000	0.000001	0.000000	0.000001	0.000001	0.000000	0.000000	0.000000	0.000000	0.000001	0.000000	0.000001
48	P	O	1.000003	0.000000	0.000000	0.000013	0.000001	0.000001	0.000000	0.000002	0.000000	0.000001	0.000001	0.000000	0.000000	0.000000	0.000000	0.000002	0.000001	0.000001
49	G	O	1.000004	0.000000	0.000000	0.000012	0.000001	0.000001	0.000000	0.000002	0.000000	0.000001	0.000001	0.000000	0.000000	0.000000	0.000000	0.000002	0.000001	0.000001
50	F	O	1.000000	0.000000	0.000000	0.000012	0.000001	0.000001	0.000000	0.000002	0.000000	0.000001	0.000001	0.000000	0.000000	0.000000	0.000000	0.000002	0.000001	0.000001
51	T	O	1.000002	0.000000	0.000000	0.000011	0.000001	0.000001	0.000000	0.000003	0.000000	0.000002	0.000002	0.000000	0.000000	0.000000	0.000000	0.000003	0.000001	0.000001
52	A	O	0.999997	0.000000	0.000000	0.000010	0.000001	0.000001	0.000000	0.000004	0.000001	0.000002	0.000002	0.000000	0.000000	0.000000	0.000000	0.000004	0.000001	0.000001
53	R	O	0.999993	0.000000	0.000000	0.000009	0.000001	0.000001	0.000001	0.000004	0.000001	0.000002	0.000003	0.000000	0.000000	0.000000	0.000000	0.000004	0.000001	0.000001
54	Q	O	1.000000	0.000000	0.000000	0.000008	0.000002	0.000002	0.000000	0.000005	0.000001	0.000003	0.000004	0.000000	0.000000	0.000000	0.000000	0.000005	0.000001	0.000001
55	T	O	0.999994	0.000000	0.000000	0.000007	0.000002	0.000002	0.000001	0.000007	0.000001	0.000004	0.000004	0.000000	0.000000	0.000000	0.000000	0.000006	0.000002	0.000001
56	S	O	0.999981	0.000000	0.000000	0.000006	0.000002	0.000002	0.000001	0.000008	0.000001	0.000005	0.000006	0.000000	0.000000	0.000000	0.000000	0.000006	0.000002	0.000002
57	V	O	0.999973	0.000000	0.000000	0.000005	0.000002	0.000003	0.000001	0.000010	0.000001	0.000006	0.000007	0.000000	0.000000	0.000000	0.000000	0.000007	0.000002	0.000002
58	A	O	0.999971	0.000000	0.000000	0.000005	0.000002	0.000003	0.000001	0.000011	0.000001	0.000007	0.000009	0.000000	0.000000	0.000000	0.000000	0.000008	0.000003	0.000003
59	W	O	0.999964	0.000000	0.000000	0.000004	0.000002	0.000003	0.000001	0.000013	0.000001	0.000009	0.000010	0.000000	0.000000	0.000001	0.000000	0.000008	0.000003	0.000003
60	L	O	0.999961	0.000000	0.000000	0.000003	0.000002	0.000004	0.000001	0.000013	0.000002	0.000012	0.000011	0.000000	0.000000	0.000001	0.000001	0.000009	0.000004	0.000003
61	G	O	0.999946	0.000000	0.000000	0.000002	0.000002	0.000004	0.000001	0.000014	0.000002	0.000013	0.000016	0.000000	0.000000	0.000001	0.000001	0.000010	0.000004	0.000004
62	P	O	0.999934	0.000000	0.000000	0.000002	0.000002	0.000004	0.000001	0.000016	0.000002	0.000014	0.000020	0.000000	0.000000	0.000001	0.000001	0.000011	0.000004	0.000004
63	R	O	0.999923	0.000000	0.000000	0.000001	0.000003	0.000004	0.000002	0.000016	0.000003	0.000016	0.000025	0.000000	0.000000	0.000001	0.000001	0.000013	0.000005	0.000005
64	L	O	0.999911	0.000000	0.000000	0.000001	0.000002	0.000005	0.000002	0.000018	0.000002	0.000021	0.000029	0.000000	0.000000	0.000002	0.000002	0.000013	0.000007	0.000006
65	A	O	0.999895	0.000000	0.000000	0.000001	0.000001	0.000006	0.000002	0.000015	0.000001	0.000025	0.000037	0.000000	0.000000	0.000002	0.000002	0.000013	0.000008	0.000007
66	S	O	0.999884	0.000000	0.000000	0.000000	0.000001	0.000007	0.000003	0.000010	0.000000	0.000026	0.000049	0.000000	0.000000	0.000003	0.000003	0.000011	0.000010	0.000009
67	Q	O	0.999891	0.000000	0.000000	0.000000	0.000000	0.000006	0.000004	0.000004	0.000000	0.000022	0.000057	0.000000	0.000000	0.000003	0.000004	0.000006	0.000011	0.000012
68	G	O	0.999905	0.000000	0.000000	0.000000	0.000000	0.000004	0.000004	0.000000	0.000000	0.000011	0.000060	0.000000	0.000000	0.000003	0.000005	0.000000	0.000010	0.000014
69	F	O	0.999938	0.000000	0.000000	0.000000	0.000000	0.000000	0.000006	0.000000	0.000000	0.000000	0.000039	0.000000	0.000000	0.000000	0.000009	0.000000	0.000000	0.000016
70	V	O	1.000000	0.000000	0.000000	0.000000	0.000000	0.000000	0.000000	0.000000	0.000000	0.000000	0.000000	0.000000	0.000000	0.000000	0.000000	0.000000	0.000000	0.000000
