# Name=tournament_wt_51
# pos	aa	label	Other	Sec/SPI n	Sec/SPI h	Sec/SPI c	Sec/SPII n	Sec/SPII h	Sec/SPII cys	Tat/SPI n	Tat/SPI RR	Tat/SPI h	Tat/SPI c	Tat/SPII n	Tat/SPII RR	Tat/SPII h	Tat/SPII cys	Sec/SPIII P	Sec/SPIII cons.	Sec/SPIII h
1	A	O	0.972298	0.027509	0.000000	0.000000	0.000174	0.000000	0.000000	0.000000	0.000000	0.000000	0.000000	0.000000	0.000000	0.000000	0.000000	0.000007	0.000000	0.000000
2	S	O	0.972301	0.021052	0.006456	0.000000	0.000134	0.000040	0.000000	0.000000	0.000000	0.000000	0.000000	0.000000	0.000000	0.000000	0.000000	0.000006	0.000001	0.000000
3	I	O	0.972305	0.016538	0.009519	0.001452	0.000101	0.000073	0.000000	0.000000	0.000000	0.000000	0.000000	0.000000	0.000000	0.000000	0.000000	0.000006	0.000001	0.000001
4	E	O	0.972308	0.014552	0.008320	0.004628	0.000082	0.000086	0.000005	0.000000	0.000000	0.000000	0.000000	0.000000	0.000000	0.000000	0.000000	0.000005	0.000001	0.000001
5	A	O	0.972372	0.012671	0.007997	0.006781	0.000068	0.000087	0.000014	0.000000	0.000000	0.000000	0.000000	0.000000	0.000000	0.000000	0.000000	0.000005	0.000001	0.000001
6	A	O	0.972512	0.011272	0.007421	0.008632	0.000057	0.000080	0.000017	0.000000	0.000000	0.000000	0.000000	0.000000	0.000000	0.000000	0.000000	0.000004	0.000001	0.000001
7	S	O	0.972748	0.010107	0.006840	0.010162	0.000049	0.000069	0.000020	0.000000	0.000000	0.000000	0.000000	0.000000	0.000000	0.000000	0.000000	0.000004	0.000001	0.000001
8	G	O	0.973144	0.008885	0.006820	0.011027	0.000042	0.000057	0.000018	0.000000	0.000000	0.000000	0.000000	0.000000	0.000000	0.000000	0.000000	0.000003	0.000001	0.000001
9	P	O	0.973687	0.007752	0.006850	0.011608	0.000037	0.000048	0.000015	0.000000	0.000000	0.000000	0.000000	0.000000	0.000000	0.000000	0.000000	0.000003	0.000001	0.000001
10	Y	O	0.974253	0.006670	0.006870	0.012119	0.000031	0.000043	0.000011	0.000000	0.000000	0.000000	0.000000	0.000000	0.000000	0.000000	0.000000	0.000003	0.000001	0.000000
11	P	O	0.974871	0.005703	0.006765	0.012586	0.000026	0.000039	0.000009	0.000000	0.000000	0.000000	0.000000	0.000000	0.000000	0.000000	0.000000	0.000002	0.000000	0.000000
12	V	O	0.975698	0.004785	0.006805	0.012640	0.000022	0.000037	0.000006	0.000000	0.000000	0.000000	0.000000	0.000000	0.000000	0.000000	0.000000	0.000002	0.000000	0.000000
13	S	O	0.976533	0.004060	0.006542	0.012808	0.000018	0.000035	0.000006	0.000000	0.000000	0.000000	0.000000	0.000000	0.000000	0.000000	0.000000	0.000002	0.000000	0.000000
14	R	O	0.977570	0.003322	0.006486	0.012569	0.000015	0.000032	0.000007	0.000000	0.000000	0.000000	0.000000	0.000000	0.000000	0.000000	0.000000	0.000001	0.000000	0.000000
15	A	O	0.979064	0.002436	0.006819	0.011633	0.000011	0.000031	0.000004	0.000000	0.000000	0.000000	0.000000	0.000000	0.000000	0.000000	0.000000	0.000001	0.000000	0.000000
16	F	O	0.980748	0.001656	0.007092	0.010462	0.000008	0.000030	0.000004	0.000000	0.000000	0.000000	0.000000	0.000000	0.000000	0.000000	0.000000	0.000001	0.000000	0.000000
17	V	O	0.982360	0.001065	0.007110	0.009424	0.000006	0.000029	0.000003	0.000000	0.000000	0.000000	0.000000	0.000000	0.000000	0.000000	0.000000	0.000001	0.000000	0.000000
18	S	O	0.983628	0.000701	0.006684	0.008948	0.000004	0.000028	0.000003	0.000000	0.000000	0.000000	0.000000	0.000000	0.000000	0.000000	0.000000	0.000001	0.000000	0.000000
19	S	O	0.985105	0.000433	0.006213	0.008218	0.000003	0.000026	0.000004	0.000000	0.000000	0.000000	0.000000	0.000000	0.000000	0.000000	0.000000	0.000001	0.000000	0.000000
20	F	O	0.986753	0.000245	0.005701	0.007272	0.000002	0.000023	0.000004	0.000000	0.000000	0.000000	0.000000	0.000000	0.000000	0.000000	0.000000	0.000000	0.000000	0.000000
21	S	O	0.988070	0.000139	0.004865	0.006907	0.000001	0.000021	0.000003	0.000000	0.000000	0.000000	0.000000	0.000000	0.000000	0.000000	0.000000	0.000000	0.000000	0.000000
22	V	O	0.989532	0.000070	0.004057	0.006329	0.000001	0.000018	0.000003	0.000000	0.000000	0.000000	0.000000	0.000000	0.000000	0.000000	0.000000	0.000000	0.000000	0.000000
23	T	O	0.990727	0.000040	0.002901	0.006313	0.000000	0.000015	0.000003	0.000000	0.000000	0.000000	0.000000	0.000000	0.000000	0.000000	0.000000	0.000000	0.000000	0.000000
24	G	O	0.992179	0.000026	0.001860	0.005923	0.000000	0.000012	0.000004	0.000000	0.000000	0.000000	0.000000	0.000000	0.000000	0.000000	0.000000	0.000000	0.000000	0.000000
25	F	O	0.994212	0.000019	0.001198	0.004563	0.000000	0.000008	0.000004	0.000000	0.000000	0.000000	0.000000	0.000000	0.000000	0.000000	0.000000	0.000000	0.000000	0.000000
26	G	O	0.995727	0.000016	0.000644	0.003613	0.000000	0.000005	0.000003	0.000000	0.000000	0.000000	0.000000	0.000000	0.000000	0.000000	0.000000	0.000000	0.000000	0.000000
27	G	O	0.997366	0.000013	0.000416	0.002206	0.000000	0.000002	0.000002	0.000000	0.000000	0.000000	0.000000	0.000000	0.000000	0.000000	0.000000	0.000000	0.000000	0.000000
28	G	O	0.998432	0.000011	0.000295	0.001263	0.000000	0.000001	0.000001	0.000000	0.000000	0.000000	0.000000	0.000000	0.000000	0.000000	0.000000	0.000000	0.000000	0.000000
29	T	O	0.999084	0.000009	0.000231	0.000684	0.000000	0.000001	0.000001	0.000000	0.000000	0.000000	0.000000	0.000000	0.000000	0.000000	0.000000	0.000000	0.000000	0.000000
30	I	O	0.999380	0.000007	0.000183	0.000439	0.000000	0.000000	0.000000	0.000000	0.000000	0.000000	0.000000	0.000000	0.000000	0.000000	0.000000	0.000000	0.000000	0.000000
31	Y	O	0.999528	0.000006	0.000142	0.000332	0.000000	0.000000	0.000000	0.000000	0.000000	0.000000	0.000000	0.000000	0.000000	0.000000	0.000000	0.000000	0.000000	0.000000
32	Y	O	0.999631	0.000004	0.000109	0.000269	0.000000	0.000000	0.000000	0.000000	0.000000	0.000000	0.000000	0.000000	0.000000	0.000000	0.000000	0.000000	0.000000	0.000000
33	P	O	0.999694	0.000004	0.000082	0.000233	0.000000	0.000000	0.000000	0.000000	0.000000	0.000000	0.000000	0.000000	0.000000	0.000000	0.000000	0.000000	0.000000	0.000000
34	T	O	0.999737	0.000003	0.000061	0.000208	0.000000	0.000000	0.000000	0.000000	0.000000	0.000000	0.000000	0.000000	0.000000	0.000000	0.000000	0.000000	0.000000	0.000000
35	T	O	0.999765	0.000002	0.000042	0.000201	0.000000	0.000000	0.000000	0.000000	0.000000	0.000000	0.000000	0.000000	0.000000	0.000000	0.000000	0.000000	0.000000	0.000000
36	T	O	0.999790	0.000002	0.000025	0.000199	0.000000	0.000000	0.000000	0.000000	0.000000	0.000000	0.000000	0.000000	0.000000	0.000000	0.000000	0.000000	0.000000	0.000000
37	G	O	0.999811	0.000001	0.000014	0.000189	0.000000	0.000000	0.000000	0.000000	0.000000	0.000000	0.000000	0.000000	0.000000	0.000000	0.000000	0.000000	0.000000	0.000000
38	E	O	0.999834	0.000001	0.000009	0.000167	0.000000	0.000000	0.000000	0.000000	0.000000	0.000000	0.000000	0.000000	0.000000	0.000000	0.000000	0.000000	0.000000	0.000000
39	G	O	0.999863	0.000001	0.000006	0.000144	0.000000	0.000000	0.000000	0.000000	0.000000	0.000000	0.000000	0.000000	0.000000	0.000000	0.000000	0.000000	0.000000	0.000000
40	T	O	0.999890	0.000001	0.000004	0.000120	0.000000	0.000000	0.000000	0.000000	0.000000	0.000000	0.000000	0.000000	0.000000	0.000000	0.000000	0.000000	0.000000	0.000000
41	F	O	0.999905	0.000001	0.000003	0.000101	0.000000	0.000000	0.000000	0.000000	0.000000	0.000000	0.000000	0.000000	0.000000	0.000000	0.000000	0.000000	0.000000	0.000000
42	G	O	0.999927	0.000001	0.000002	0.000084	0.000000	0.000000	0.000000	0.000000	0.000000	0.000000	0.000000	0.000000	0.000000	0.000000	0.000000	0.000000	0.000000	0.000000
43	A	O	0.999942	0.000001	0.000002	0.000067	0.000000	0.000000	0.000000	0.000000	0.000000	0.000000	0.000000	0.000000	0.000000	0.000000	0.000000	0.000001	0.000000	0.000000
44	V	O	0.999956	0.000000	0.000001	0.000055	0.000000	0.000000	0.000000	0.000000	0.000000	0.000000	0.000000	0.000000	0.000000	0.000000	0.000000	0.000001	0.000000	0.000000
45	A	O	0.999966	0.000000	0.000001	0.000045	0.000000	0.000000	0.000000	0.000000	0.000000	0.000000	0.000000	0.000000	0.000000	0.000000	0.000000	0.000001	0.000000	0.000000
46	I	O	0.999973	0.000000	0.000001	0.000038	0.000000	0.000001	0.000000	0.000000	0.000000	0.000000	0.000000	0.000000	0.000000	0.000000	0.000000	0.000001	0.000000	0.000000
47	S	O	0.999979	0.000000	0.000001	0.000033	0.000000	0.000001	0.000000	0.000001	0.000000	0.000000	0.000000	0.000000	0.000000	0.000000	0.000000	0.000001	0.000000	0.000000
48	P	O	0.999985	0.000000	0.000001	0.000028	0.000000	0.000001	0.000000	0.000001	0.000000	0.000000	0.000001	0.000000	0.000000	0.000000	0.000000	0.000001	0.000001	0.000001
49	G	O	0.999992	0.000000	0.000000	0.000023	0.000001	0.000001	0.000000	0.000001	0.000000	0.000001	0.000001	0.000000	0.000000	0.000000	0.000000	0.000002	0.000001	0.000001
50	Y	O	0.999990	0.000000	0.000000	0.000020	0.000001	0.000001	0.000000	0.000001	0.000000	0.000001	0.000001	0.000000	0.000000	0.000000	0.000000	0.000002	0.000001	0.000001
51	T	O	0.999990	0.000000	0.000000	0.000017	0.000001	0.000001	0.000001	0.000002	0.000000	0.000001	0.000001	0.000000	0.000000	0.000000	0.000000	0.000003	0.000001	0.000001
52	A	O	0.999990	0.000000	0.000000	0.000015	0.000001	0.000001	0.000001	0.000002	0.000000	0.000001	0.000002	0.000000	0.000000	0.000000	0.000000	0.000003	0.000001	0.000001
53	R	O	0.999985	0.000000	0.000000	0.000012	0.000001	0.000001	0.000001	0.000002	0.000000	0.000002	0.000003	0.000000	0.000000	0.000000	0.000000	0.000004	0.000001	0.000001
54	Q	O	0.999985	0.000000	0.000000	0.000010	0.000001	0.000002	0.000001	0.000003	0.000001	0.000002	0.000003	0.000000	0.000000	0.000000	0.000000	0.000005	0.000002	0.000002
55	S	O	0.999990	0.000000	0.000000	0.000008	0.000002	0.000002	0.000001	0.000004	0.000001	0.000003	0.000004	0.000000	0.000000	0.000000	0.000000	0.000005	0.000002	0.000002
56	S	O	0.999985	0.000000	0.000000	0.000006	0.000002	0.000002	0.000001	0.000006	0.000001	0.000004	0.000005	0.000000	0.000000	0.000000	0.000000	0.000007	0.000002	0.000003
57	I	O	0.999971	0.000000	0.000000	0.000005	0.000002	0.000003	0.000001	0.000007	0.000001	0.000005	0.000006	0.000000	0.000000	0.000000	0.000000	0.000007	0.000003	0.000003
58	A	O	0.999969	0.000000	0.000000	0.000004	0.000002	0.000003	0.000001	0.000009	0.000001	0.000006	0.000009	0.000000	0.000000	0.000000	0.000001	0.000009	0.000004	0.000004
59	W	O	0.999957	0.000000	0.000000	0.000003	0.000002	0.000004	0.000002	0.000012	0.000001	0.000009	0.000011	0.000000	0.000000	0.000001	0.000001	0.000010	0.000004	0.000004
60	L	O	0.999943	0.000000	0.000000	0.000002	0.000002	0.000004	0.000002	0.000013	0.000002	0.000012	0.000013	0.000000	0.000000	0.000001	0.000001	0.000011	0.000005	0.000005
61	G	O	0.999926	0.000000	0.000000	0.000001	0.000003	0.000005	0.000002	0.000016	0.000002	0.000015	0.000019	0.000000	0.000000	0.000001	0.000001	0.000013	0.000006	0.000007
62	P	O	0.999904	0.000000	0.000000	0.000001	0.000003	0.000005	0.000003	0.000019	0.000003	0.000018	0.000026	0.000000	0.000000	0.000001	0.000002	0.000016	0.000007	0.000008
63	R	O	0.999876	0.000000	0.000000	0.000001	0.000004	0.000006	0.000004	0.000023	0.000004	0.000023	0.000037	0.000001	0.000000	0.000002	0.000003	0.000020	0.000008	0.000009
64	L	O	0.999848	0.000000	0.000000	0.000000	0.000003	0.000008	0.000003	0.000027	0.000002	0.000032	0.000046	0.000001	0.000000	0.000003	0.000004	0.000021	0.000011	0.000011
65	A	O	0.999807	0.000000	0.000000	0.000000	0.000002	0.000010	0.000004	0.000026	0.000002	0.000040	0.000066	0.000001	0.000000	0.000004	0.000005	0.000022	0.000015	0.000015
66	S	O	0.999763	0.000000	0.000000	0.000000	0.000001	0.000011	0.000006	0.000020	0.000001	0.000047	0.000093	0.000000	0.000000	0.000005	0.000008	0.000020	0.000019	0.000020
67	Q	O	0.999738	0.000000	0.000000	0.000000	0.000000	0.000010	0.000009	0.000009	0.000000	0.000044	0.000116	0.000000	0.000000	0.000006	0.000011	0.000012	0.000022	0.000026
68	G	O	0.999758	0.000000	0.000000	0.000000	0.000000	0.000007	0.000009	0.000000	0.000000	0.000027	0.000131	0.000000	0.000000	0.000006	0.000014	0.000000	0.000021	0.000031
69	F	O	0.999817	0.000000	0.000000	0.000000	0.000000	0.000000	0.000016	0.000000	0.000000	0.000000	0.000104	0.000000	0.000000	0.000000	0.000030	0.000000	0.000000	0.000039
70	V	O	1.000001	0.000000	0.000000	0.000000	0.000000	0.000000	0.000000	0.000000	0.000000	0.000000	0.000000	0.000000	0.000000	0.000000	0.000000	0.000000	0.000000	0.000000
