# Name=tournament_wt_201
# pos	aa	label	Other	Sec/SPI n	Sec/SPI h	Sec/SPI c	Sec/SPII n	Sec/SPII h	Sec/SPII cys	Tat/SPI n	Tat/SPI RR	Tat/SPI h	Tat/SPI c	Tat/SPII n	Tat/SPII RR	Tat/SPII h	Tat/SPII cys	Sec/SPIII P	Sec/SPIII cons.	Sec/SPIII h
1	S	O	0.997725	0.002067	0.000000	0.000000	0.000153	0.000000	0.000000	0.000000	0.000000	0.000000	0.000000	0.000000	0.000000	0.000000	0.000000	0.000027	0.000000	0.000000
2	D	O	0.997724	0.001725	0.000342	0.000000	0.000116	0.000037	0.000000	0.000000	0.000000	0.000000	0.000000	0.000000	0.000000	0.000000	0.000000	0.000022	0.000005	0.000000
3	T	O	0.997722	0.001445	0.000536	0.000086	0.000089	0.000064	0.000000	0.000000	0.000000	0.000000	0.000000	0.000000	0.000000	0.000000	0.000000	0.000018	0.000006	0.000004
4	R	O	0.997743	0.001239	0.000606	0.000206	0.000072	0.000071	0.000010	0.000000	0.000000	0.000000	0.000000	0.000000	0.000000	0.000000	0.000000	0.000015	0.000005	0.000005
5	D	O	0.997795	0.001066	0.000624	0.000322	0.000059	0.000067	0.000017	0.000000	0.000000	0.000000	0.000000	0.000000	0.000000	0.000000	0.000000	0.000012	0.000004	0.000004
6	K	O	0.997878	0.000905	0.000638	0.000408	0.000050	0.000058	0.000019	0.000000	0.000000	0.000000	0.000000	0.000000	0.000000	0.000000	0.000000	0.000010	0.000003	0.000004
7	G	O	0.997972	0.000766	0.000622	0.000490	0.000042	0.000050	0.000016	0.000000	0.000000	0.000000	0.000000	0.000000	0.000000	0.000000	0.000000	0.000008	0.000003	0.000003
8	P	O	0.998078	0.000651	0.000582	0.000557	0.000037	0.000041	0.000014	0.000000	0.000000	0.000000	0.000000	0.000000	0.000000	0.000000	0.000000	0.000007	0.000002	0.000002
9	F	O	0.998197	0.000559	0.000531	0.000598	0.000032	0.000033	0.000012	0.000000	0.000000	0.000000	0.000000	0.000000	0.000000	0.000000	0.000000	0.000006	0.000002	0.000002
10	S	O	0.998325	0.000493	0.000452	0.000627	0.000030	0.000028	0.000009	0.000000	0.000000	0.000000	0.000000	0.000000	0.000000	0.000000	0.000000	0.000005	0.000001	0.000002
11	V	O	0.998465	0.000438	0.000388	0.000618	0.000027	0.000022	0.000008	0.000000	0.000000	0.000000	0.000000	0.000000	0.000000	0.000000	0.000000	0.000004	0.000001	0.000001
12	A	O	0.998612	0.000393	0.000333	0.000578	0.000026	0.000017	0.000006	0.000000	0.000000	0.000000	0.000000	0.000000	0.000000	0.000000	0.000000	0.000004	0.000001	0.000001
13	K	O	0.998764	0.000356	0.000293	0.000511	0.000025	0.000014	0.000005	0.000000	0.000000	0.000000	0.000000	0.000000	0.000000	0.000000	0.000000	0.000003	0.000001	0.000001
14	K	O	0.998898	0.000323	0.000256	0.000455	0.000023	0.000011	0.000003	0.000000	0.000000	0.000000	0.000000	0.000000	0.000000	0.000000	0.000000	0.000003	0.000001	0.000001
15	A	O	0.999008	0.000294	0.000225	0.000409	0.000022	0.000010	0.000002	0.000000	0.000000	0.000000	0.000000	0.000000	0.000000	0.000000	0.000000	0.000002	0.000000	0.000001
16	V	O	0.999105	0.000270	0.000194	0.000372	0.000021	0.000010	0.000002	0.000000	0.000000	0.000000	0.000000	0.000000	0.000000	0.000000	0.000000	0.000002	0.000000	0.000000
17	P	O	0.999183	0.000250	0.000162	0.000348	0.000020	0.000009	0.000001	0.000000	0.000000	0.000000	0.000000	0.000000	0.000000	0.000000	0.000000	0.000002	0.000000	0.000000
18	R	O	0.999257	0.000234	0.000137	0.000314	0.000019	0.000009	0.000001	0.000000	0.000000	0.000000	0.000000	0.000000	0.000000	0.000000	0.000000	0.000002	0.000000	0.000000
19	Q	O	0.999322	0.000219	0.000116	0.000284	0.000018	0.000010	0.000001	0.000000	0.000000	0.000000	0.000000	0.000000	0.000000	0.000000	0.000000	0.000002	0.000000	0.000000
20	L	O	0.999381	0.000206	0.000102	0.000254	0.000017	0.000010	0.000000	0.000000	0.000000	0.000000	0.000000	0.000000	0.000000	0.000000	0.000000	0.000002	0.000000	0.000000
21	A	O	0.999433	0.000194	0.000091	0.000226	0.000016	0.000011	0.000000	0.000000	0.000000	0.000000	0.000000	0.000000	0.000000	0.000000	0.000000	0.000001	0.000000	0.000000
22	N	O	0.999470	0.000184	0.000083	0.000206	0.000014	0.000013	0.000000	0.000000	0.000000	0.000000	0.000000	0.000000	0.000000	0.000000	0.000000	0.000001	0.000000	0.000000
23	G	O	0.999520	0.000172	0.000083	0.000170	0.000013	0.000014	0.000000	0.000000	0.000000	0.000000	0.000000	0.000000	0.000000	0.000000	0.000000	0.000001	0.000000	0.000000
24	F	O	0.999576	0.000158	0.000091	0.000120	0.000011	0.000015	0.000000	0.000000	0.000000	0.000000	0.000000	0.000000	0.000000	0.000000	0.000000	0.000001	0.000000	0.000000
25	G	O	0.999612	0.000144	0.000099	0.000090	0.000010	0.000017	0.000000	0.000000	0.000000	0.000000	0.000000	0.000000	0.000000	0.000000	0.000000	0.000001	0.000000	0.000000
26	G	O	0.999641	0.000128	0.000111	0.000064	0.000008	0.000019	0.000000	0.000000	0.000000	0.000000	0.000000	0.000000	0.000000	0.000000	0.000000	0.000001	0.000000	0.000000
27	G	O	0.999661	0.000109	0.000127	0.000044	0.000007	0.000020	0.000000	0.000000	0.000000	0.000000	0.000000	0.000000	0.000000	0.000000	0.000000	0.000001	0.000000	0.000000
28	T	O	0.999683	0.000088	0.000146	0.000027	0.000005	0.000022	0.000000	0.000000	0.000000	0.000000	0.000000	0.000000	0.000000	0.000000	0.000000	0.000001	0.000000	0.000000
29	I	O	0.999693	0.000065	0.000166	0.000017	0.000004	0.000024	0.000000	0.000000	0.000000	0.000000	0.000000	0.000000	0.000000	0.000000	0.000000	0.000000	0.000000	0.000000
30	Y	O	0.999700	0.000047	0.000182	0.000013	0.000003	0.000026	0.000000	0.000000	0.000000	0.000000	0.000000	0.000000	0.000000	0.000000	0.000000	0.000000	0.000000	0.000000
31	Y	O	0.999704	0.000033	0.000192	0.000012	0.000002	0.000027	0.000000	0.000000	0.000000	0.000000	0.000000	0.000000	0.000000	0.000000	0.000000	0.000000	0.000000	0.000000
32	P	O	0.999703	0.000024	0.000196	0.000014	0.000002	0.000028	0.000000	0.000000	0.000000	0.000000	0.000000	0.000000	0.000000	0.000000	0.000000	0.000000	0.000000	0.000000
33	T	O	0.999708	0.000017	0.000199	0.000015	0.000001	0.000029	0.000000	0.000000	0.000000	0.000000	0.000000	0.000000	0.000000	0.000000	0.000000	0.000000	0.000000	0.000000
34	N	O	0.999708	0.000012	0.000197	0.000019	0.000001	0.000030	0.000001	0.000000	0.000000	0.000000	0.000000	0.000000	0.000000	0.000000	0.000000	0.000000	0.000000	0.000000
35	A	O	0.999710	0.000008	0.000195	0.000022	0.000001	0.000031	0.000001	0.000000	0.000000	0.000000	0.000000	0.000000	0.000000	0.000000	0.000000	0.000000	0.000000	0.000000
36	G	O	0.999707	0.000005	0.000190	0.000027	0.000001	0.000031	0.000001	0.000000	0.000000	0.000000	0.000000	0.000000	0.000000	0.000000	0.000000	0.000000	0.000000	0.000000
37	G	O	0.999714	0.000003	0.000188	0.000026	0.000001	0.000028	0.000004	0.000000	0.000000	0.000000	0.000000	0.000000	0.000000	0.000000	0.000000	0.000000	0.000000	0.000000
38	C	O	0.999726	0.000002	0.000188	0.000021	0.000001	0.000016	0.000013	0.000000	0.000000	0.000000	0.000000	0.000000	0.000000	0.000000	0.000000	0.000000	0.000000	0.000000
39	G	O	0.999745	0.000001	0.000188	0.000016	0.000001	0.000015	0.000003	0.000000	0.000000	0.000000	0.000000	0.000000	0.000000	0.000000	0.000000	0.000000	0.000000	0.000000
40	L	O	0.999763	0.000000	0.000187	0.000011	0.000001	0.000014	0.000003	0.000000	0.000000	0.000000	0.000000	0.000000	0.000000	0.000000	0.000000	0.000000	0.000000	0.000000
41	L	O	0.999766	0.000000	0.000185	0.000010	0.000001	0.000013	0.000002	0.000000	0.000000	0.000000	0.000000	0.000000	0.000000	0.000000	0.000000	0.000000	0.000000	0.000000
42	G	O	0.999768	0.000000	0.000182	0.000011	0.000001	0.000013	0.000002	0.000000	0.000000	0.000000	0.000000	0.000000	0.000000	0.000000	0.000000	0.000000	0.000000	0.000000
43	G	O	0.999769	0.000000	0.000178	0.000013	0.000001	0.000012	0.000002	0.000000	0.000000	0.000000	0.000000	0.000000	0.000000	0.000000	0.000000	0.000000	0.000000	0.000000
44	I	O	0.999776	0.000000	0.000173	0.000017	0.000001	0.000011	0.000003	0.000000	0.000000	0.000000	0.000000	0.000000	0.000000	0.000000	0.000000	0.000000	0.000000	0.000000
45	A	O	0.999779	0.000000	0.000162	0.000027	0.000001	0.000010	0.000003	0.000000	0.000000	0.000000	0.000000	0.000000	0.000000	0.000000	0.000000	0.000000	0.000000	0.000000
46	V	O	0.999787	0.000000	0.000146	0.000041	0.000000	0.000009	0.000003	0.000000	0.000000	0.000000	0.000000	0.000000	0.000000	0.000000	0.000000	0.000000	0.000000	0.000000
47	I	O	0.999792	0.000000	0.000120	0.000065	0.000000	0.000008	0.000003	0.000000	0.000000	0.000000	0.000000	0.000000	0.000000	0.000000	0.000000	0.000000	0.000000	0.000000
48	P	O	0.999794	0.000000	0.000077	0.000106	0.000000	0.000007	0.000003	0.000000	0.000000	0.000000	0.000000	0.000000	0.000000	0.000000	0.000000	0.000000	0.000000	0.000000
49	G	O	0.999802	0.000000	0.000044	0.000135	0.000000	0.000005	0.000003	0.000001	0.000000	0.000000	0.000000	0.000000	0.000000	0.000000	0.000000	0.000000	0.000000	0.000000
50	Y	O	0.999812	0.000000	0.000026	0.000146	0.000000	0.000003	0.000003	0.000001	0.000000	0.000000	0.000000	0.000000	0.000000	0.000000	0.000000	0.000000	0.000000	0.000000
51	V	O	0.999825	0.000000	0.000010	0.000155	0.000001	0.000002	0.000002	0.000001	0.000000	0.000000	0.000001	0.000000	0.000000	0.000000	0.000000	0.000000	0.000000	0.000000
52	S	O	0.999843	0.000000	0.000004	0.000143	0.000001	0.000001	0.000001	0.000001	0.000000	0.000000	0.000001	0.000000	0.000000	0.000000	0.000000	0.000001	0.000000	0.000000
53	Y	O	0.999866	0.000000	0.000002	0.000120	0.000001	0.000001	0.000001	0.000001	0.000000	0.000000	0.000001	0.000000	0.000000	0.000000	0.000000	0.000001	0.000000	0.000000
54	E	O	0.999899	0.000000	0.000001	0.000090	0.000002	0.000001	0.000001	0.000001	0.000000	0.000000	0.000001	0.000000	0.000000	0.000000	0.000000	0.000001	0.000000	0.000000
55	S	O	0.999922	0.000000	0.000001	0.000066	0.000002	0.000001	0.000000	0.000001	0.000000	0.000001	0.000001	0.000000	0.000000	0.000000	0.000000	0.000001	0.000000	0.000000
56	S	O	0.999941	0.000000	0.000001	0.000048	0.000003	0.000001	0.000000	0.000002	0.000000	0.000001	0.000001	0.000000	0.000000	0.000000	0.000000	0.000002	0.000000	0.000000
57	I	O	0.999948	0.000000	0.000000	0.000034	0.000004	0.000002	0.000000	0.000002	0.000000	0.000001	0.000001	0.000000	0.000000	0.000000	0.000000	0.000002	0.000000	0.000000
58	K	O	0.999958	0.000000	0.000000	0.000025	0.000006	0.000002	0.000000	0.000002	0.000000	0.000001	0.000001	0.000000	0.000000	0.000000	0.000000	0.000003	0.000000	0.000000
59	W	O	0.999962	0.000000	0.000000	0.000017	0.000007	0.000004	0.000001	0.000003	0.000000	0.000002	0.000001	0.000000	0.000000	0.000000	0.000000	0.000004	0.000001	0.000000
60	W	O	0.999961	0.000000	0.000000	0.000012	0.000009	0.000006	0.000001	0.000004	0.000000	0.000002	0.000002	0.000000	0.000000	0.000000	0.000000	0.000005	0.000001	0.000001
61	G	O	0.999950	0.000000	0.000000	0.000008	0.000010	0.000009	0.000001	0.000004	0.000001	0.000003	0.000003	0.000000	0.000000	0.000001	0.000000	0.000007	0.000001	0.000001
62	P	O	0.999943	0.000000	0.000000	0.000006	0.000011	0.000013	0.000001	0.000004	0.000001	0.000004	0.000004	0.000001	0.000000	0.000001	0.000000	0.000008	0.000002	0.000001
63	R	O	0.999934	0.000000	0.000000	0.000004	0.000011	0.000018	0.000002	0.000005	0.000001	0.000004	0.000006	0.000001	0.000000	0.000001	0.000000	0.000009	0.000004	0.000002
64	L	O	0.999925	0.000000	0.000000	0.000002	0.000005	0.000026	0.000003	0.000005	0.000001	0.000006	0.000006	0.000000	0.000000	0.000002	0.000001	0.000006	0.000008	0.000003
65	A	O	0.999922	0.000000	0.000000	0.000001	0.000002	0.000030	0.000005	0.000003	0.000000	0.000008	0.000007	0.000000	0.000000	0.000002	0.000001	0.000004	0.000009	0.000006
66	S	O	0.999921	0.000000	0.000000	0.000000	0.000001	0.000027	0.000009	0.000002	0.000000	0.000007	0.000009	0.000000	0.000000	0.000002	0.000001	0.000002	0.000008	0.000008
67	W	O	0.999931	0.000000	0.000000	0.000000	0.000000	0.000019	0.000013	0.000000	0.000000	0.000005	0.000010	0.000000	0.000000	0.000002	0.000001	0.000000	0.000005	0.000009
68	G	O	0.999952	0.000000	0.000000	0.000000	0.000000	0.000013	0.000010	0.000000	0.000000	0.000002	0.000011	0.000000	0.000000	0.000002	0.000002	0.000000	0.000002	0.000010
69	F	O	0.999970	0.000000	0.000000	0.000000	0.000000	0.000000	0.000016	0.000000	0.000000	0.000000	0.000008	0.000000	0.000000	0.000000	0.000004	0.000000	0.000000	0.000009
70	V	O	0.999999	0.000000	0.000000	0.000000	0.000000	0.000000	0.000000	0.000000	0.000000	0.000000	0.000000	0.000000	0.000000	0.000000	0.000000	0.000000	0.000000	0.000000
