# Name=tournament_wt_96
# pos	aa	label	Other	Sec/SPI n	Sec/SPI h	Sec/SPI c	Sec/SPII n	Sec/SPII h	Sec/SPII cys	Tat/SPI n	Tat/SPI RR	Tat/SPI h	Tat/SPI c	Tat/SPII n	Tat/SPII RR	Tat/SPII h	Tat/SPII cys	Sec/SPIII P	Sec/SPIII cons.	Sec/SPIII h
1	S	O	0.992899	0.006928	0.000000	0.000000	0.000150	0.000000	0.000000	0.000003	0.000000	0.000000	0.000000	0.000000	0.000000	0.000000	0.000000	0.000041	0.000000	0.000000
2	I	O	0.992897	0.004519	0.002410	0.000000	0.000101	0.000050	0.000000	0.000002	0.000000	0.000001	0.000000	0.000000	0.000000	0.000000	0.000000	0.000032	0.000009	0.000000
3	E	O	0.992906	0.003509	0.002583	0.000837	0.000073	0.000078	0.000000	0.000001	0.000000	0.000001	0.000001	0.000000	0.000000	0.000000	0.000000	0.000027	0.000008	0.000006
4	A	O	0.992952	0.002643	0.002648	0.001593	0.000052	0.000086	0.000012	0.000001	0.000000	0.000001	0.000001	0.000000	0.000000	0.000000	0.000000	0.000022	0.000007	0.000007
5	S	O	0.993080	0.002016	0.002441	0.002321	0.000038	0.000083	0.000017	0.000001	0.000000	0.000001	0.000001	0.000000	0.000000	0.000000	0.000000	0.000018	0.000006	0.000006
6	R	O	0.993256	0.001523	0.002086	0.003019	0.000028	0.000071	0.000022	0.000001	0.000000	0.000001	0.000001	0.000000	0.000000	0.000000	0.000000	0.000014	0.000005	0.000006
7	G	O	0.993516	0.001129	0.001740	0.003528	0.000020	0.000059	0.000020	0.000000	0.000000	0.000001	0.000001	0.000000	0.000000	0.000000	0.000000	0.000012	0.000004	0.000005
8	P	O	0.993885	0.000835	0.001414	0.003805	0.000015	0.000047	0.000017	0.000000	0.000000	0.000000	0.000001	0.000000	0.000000	0.000000	0.000000	0.000009	0.000003	0.000004
9	F	O	0.994315	0.000616	0.001112	0.003918	0.000010	0.000037	0.000014	0.000000	0.000000	0.000000	0.000001	0.000000	0.000000	0.000000	0.000000	0.000007	0.000003	0.000003
10	A	O	0.994846	0.000477	0.000797	0.003857	0.000007	0.000030	0.000010	0.000000	0.000000	0.000000	0.000001	0.000000	0.000000	0.000000	0.000000	0.000006	0.000002	0.000003
11	T	O	0.995537	0.000373	0.000604	0.003475	0.000005	0.000022	0.000010	0.000000	0.000000	0.000000	0.000001	0.000000	0.000000	0.000000	0.000000	0.000005	0.000002	0.000002
12	S	O	0.996340	0.000292	0.000487	0.002879	0.000004	0.000016	0.000008	0.000000	0.000000	0.000000	0.000000	0.000000	0.000000	0.000000	0.000000	0.000004	0.000002	0.000002
13	S	O	0.997119	0.000222	0.000418	0.002248	0.000003	0.000012	0.000005	0.000000	0.000000	0.000000	0.000000	0.000000	0.000000	0.000000	0.000000	0.000003	0.000001	0.000001
14	T	O	0.997721	0.000163	0.000364	0.001770	0.000002	0.000009	0.000003	0.000000	0.000000	0.000000	0.000000	0.000000	0.000000	0.000000	0.000000	0.000002	0.000001	0.000001
15	T	O	0.998159	0.000117	0.000307	0.001436	0.000001	0.000007	0.000003	0.000000	0.000000	0.000000	0.000000	0.000000	0.000000	0.000000	0.000000	0.000002	0.000001	0.000001
16	V	O	0.998516	0.000081	0.000254	0.001171	0.000001	0.000006	0.000002	0.000000	0.000000	0.000000	0.000000	0.000000	0.000000	0.000000	0.000000	0.000001	0.000001	0.000001
17	S	O	0.998781	0.000057	0.000190	0.000998	0.000000	0.000004	0.000002	0.000000	0.000000	0.000000	0.000000	0.000000	0.000000	0.000000	0.000000	0.000001	0.000001	0.000001
18	S	O	0.999025	0.000039	0.000141	0.000819	0.000000	0.000003	0.000001	0.000000	0.000000	0.000000	0.000000	0.000000	0.000000	0.000000	0.000000	0.000001	0.000000	0.000000
19	L	O	0.999258	0.000026	0.000108	0.000633	0.000000	0.000002	0.000001	0.000000	0.000000	0.000000	0.000000	0.000000	0.000000	0.000000	0.000000	0.000000	0.000000	0.000000
20	V	O	0.999414	0.000018	0.000072	0.000522	0.000000	0.000002	0.000001	0.000000	0.000000	0.000000	0.000000	0.000000	0.000000	0.000000	0.000000	0.000000	0.000000	0.000000
21	S	O	0.999546	0.000014	0.000041	0.000431	0.000000	0.000001	0.000001	0.000000	0.000000	0.000000	0.000000	0.000000	0.000000	0.000000	0.000000	0.000000	0.000000	0.000000
22	G	O	0.999677	0.000011	0.000023	0.000319	0.000000	0.000001	0.000000	0.000000	0.000000	0.000000	0.000000	0.000000	0.000000	0.000000	0.000000	0.000000	0.000000	0.000000
23	F	O	0.999814	0.000009	0.000016	0.000190	0.000000	0.000000	0.000000	0.000000	0.000000	0.000000	0.000000	0.000000	0.000000	0.000000	0.000000	0.000000	0.000000	0.000000
24	G	O	0.999890	0.000007	0.000011	0.000122	0.000000	0.000000	0.000000	0.000000	0.000000	0.000000	0.000000	0.000000	0.000000	0.000000	0.000000	0.000000	0.000000	0.000000
25	G	O	0.999948	0.000006	0.000009	0.000068	0.000000	0.000000	0.000000	0.000000	0.000000	0.000000	0.000000	0.000000	0.000000	0.000000	0.000000	0.000000	0.000000	0.000000
26	G	O	0.999971	0.000005	0.000007	0.000040	0.000000	0.000000	0.000000	0.000000	0.000000	0.000000	0.000000	0.000000	0.000000	0.000000	0.000000	0.000000	0.000000	0.000000
27	T	O	0.999989	0.000004	0.000006	0.000025	0.000000	0.000000	0.000000	0.000000	0.000000	0.000000	0.000000	0.000000	0.000000	0.000000	0.000000	0.000000	0.000000	0.000000
28	I	O	0.999996	0.000003	0.000006	0.000017	0.000000	0.000000	0.000000	0.000000	0.000000	0.000000	0.000000	0.000000	0.000000	0.000000	0.000000	0.000000	0.000000	0.000000
29	Y	O	0.999998	0.000003	0.000005	0.000014	0.000000	0.000000	0.000000	0.000000	0.000000	0.000000	0.000000	0.000000	0.000000	0.000000	0.000000	0.000000	0.000000	0.000000
30	Y	O	1.000005	0.000002	0.000004	0.000012	0.000000	0.000000	0.000000	0.000000	0.000000	0.000000	0.000000	0.000000	0.000000	0.000000	0.000000	0.000000	0.000000	0.000000
31	P	O	1.000005	0.000002	0.000003	0.000010	0.000000	0.000000	0.000000	0.000000	0.000000	0.000000	0.000000	0.000000	0.000000	0.000000	0.000000	0.000000	0.000000	0.000000
32	T	O	1.000011	0.000001	0.000003	0.000009	0.000000	0.000000	0.000000	0.000000	0.000000	0.000000	0.000000	0.000000	0.000000	0.000000	0.000000	0.000000	0.000000	0.000000
33	S	O	1.000012	0.000001	0.000002	0.000009	0.000000	0.000000	0.000000	0.000000	0.000000	0.000000	0.000000	0.000000	0.000000	0.000000	0.000000	0.000000	0.000000	0.000000
34	T	O	1.000009	0.000001	0.000001	0.000009	0.000000	0.000000	0.000000	0.000000	0.000000	0.000000	0.000000	0.000000	0.000000	0.000000	0.000000	0.000000	0.000000	0.000000
35	S	O	1.000011	0.000001	0.000001	0.000008	0.000000	0.000000	0.000000	0.000000	0.000000	0.000000	0.000000	0.000000	0.000000	0.000000	0.000000	0.000000	0.000000	0.000000
36	E	O	1.000019	0.000001	0.000001	0.000007	0.000000	0.000000	0.000000	0.000000	0.000000	0.000000	0.000000	0.000000	0.000000	0.000000	0.000000	0.000000	0.000000	0.000000
37	G	O	1.000017	0.000001	0.000001	0.000006	0.000000	0.000000	0.000000	0.000000	0.000000	0.000000	0.000000	0.000000	0.000000	0.000000	0.000000	0.000000	0.000000	0.000000
38	T	O	1.000018	0.000000	0.000000	0.000005	0.000000	0.000000	0.000000	0.000000	0.000000	0.000000	0.000000	0.000000	0.000000	0.000000	0.000000	0.000000	0.000000	0.000000
39	F	O	1.000019	0.000000	0.000000	0.000004	0.000000	0.000000	0.000000	0.000000	0.000000	0.000000	0.000000	0.000000	0.000000	0.000000	0.000000	0.000000	0.000000	0.000000
40	G	O	1.000018	0.000000	0.000000	0.000004	0.000000	0.000000	0.000000	0.000000	0.000000	0.000000	0.000000	0.000000	0.000000	0.000000	0.000000	0.000000	0.000000	0.000000
41	A	O	1.000021	0.000000	0.000000	0.000003	0.000000	0.000000	0.000000	0.000000	0.000000	0.000000	0.000000	0.000000	0.000000	0.000000	0.000000	0.000000	0.000000	0.000000
42	V	O	1.000017	0.000000	0.000000	0.000003	0.000000	0.000000	0.000000	0.000000	0.000000	0.000000	0.000000	0.000000	0.000000	0.000000	0.000000	0.000000	0.000000	0.000000
43	A	O	1.000025	0.000000	0.000000	0.000002	0.000000	0.000000	0.000000	0.000000	0.000000	0.000000	0.000000	0.000000	0.000000	0.000000	0.000000	0.000000	0.000000	0.000000
44	I	O	1.000024	0.000000	0.000000	0.000002	0.000000	0.000000	0.000000	0.000000	0.000000	0.000000	0.000000	0.000000	0.000000	0.000000	0.000000	0.000000	0.000000	0.000000
45	S	O	1.000024	0.000000	0.000000	0.000002	0.000000	0.000000	0.000000	0.000000	0.000000	0.000000	0.000000	0.000000	0.000000	0.000000	0.000000	0.000000	0.000000	0.000000
46	P	O	1.000030	0.000000	0.000000	0.000001	0.000000	0.000000	0.000000	0.000000	0.000000	0.000000	0.000000	0.000000	0.000000	0.000000	0.000000	0.000001	0.000000	0.000000
47	G	O	1.000025	0.000000	0.000000	0.000001	0.000000	0.000000	0.000000	0.000000	0.000000	0.000000	0.000000	0.000000	0.000000	0.000000	0.000000	0.000001	0.000000	0.000000
48	F	O	1.000027	0.000000	0.000000	0.000001	0.000000	0.000000	0.000000	0.000001	0.000000	0.000000	0.000000	0.000000	0.000000	0.000000	0.000000	0.000001	0.000000	0.000000
49	T	O	1.000024	0.000000	0.000000	0.000001	0.000000	0.000000	0.000000	0.000001	0.000000	0.000000	0.000001	0.000000	0.000000	0.000000	0.000000	0.000001	0.000000	0.000000
50	G	O	1.000019	0.000000	0.000000	0.000001	0.000000	0.000000	0.000000	0.000001	0.000000	0.000001	0.000001	0.000000	0.000000	0.000000	0.000000	0.000001	0.000000	0.000000
51	T	O	1.000019	0.000000	0.000000	0.000001	0.000001	0.000000	0.000000	0.000002	0.000000	0.000001	0.000001	0.000000	0.000000	0.000000	0.000000	0.000002	0.000000	0.000000
52	E	O	1.000012	0.000000	0.000000	0.000001	0.000001	0.000001	0.000000	0.000002	0.000000	0.000001	0.000001	0.000000	0.000000	0.000000	0.000000	0.000002	0.000001	0.000001
53	S	O	1.000014	0.000000	0.000000	0.000001	0.000001	0.000001	0.000000	0.000003	0.000000	0.000001	0.000001	0.000000	0.000000	0.000000	0.000000	0.000003	0.000001	0.000001
54	T	O	1.000002	0.000000	0.000000	0.000001	0.000001	0.000001	0.000000	0.000004	0.000001	0.000002	0.000002	0.000000	0.000000	0.000000	0.000000	0.000004	0.000001	0.000001
55	I	O	1.000004	0.000000	0.000000	0.000000	0.000001	0.000001	0.000000	0.000005	0.000001	0.000002	0.000002	0.000000	0.000000	0.000000	0.000000	0.000005	0.000001	0.000001
56	S	O	0.999993	0.000000	0.000000	0.000000	0.000002	0.000002	0.000000	0.000007	0.000001	0.000003	0.000003	0.000000	0.000000	0.000000	0.000000	0.000006	0.000001	0.000001
57	W	O	0.999987	0.000000	0.000000	0.000000	0.000002	0.000002	0.000001	0.000008	0.000001	0.000004	0.000004	0.000000	0.000000	0.000000	0.000000	0.000007	0.000002	0.000002
58	L	O	0.999983	0.000000	0.000000	0.000000	0.000003	0.000002	0.000001	0.000009	0.000001	0.000005	0.000005	0.000000	0.000000	0.000000	0.000000	0.000008	0.000002	0.000002
59	G	O	0.999974	0.000000	0.000000	0.000000	0.000003	0.000003	0.000001	0.000011	0.000001	0.000007	0.000007	0.000000	0.000000	0.000001	0.000001	0.000011	0.000002	0.000003
60	P	O	0.999959	0.000000	0.000000	0.000000	0.000004	0.000003	0.000001	0.000013	0.000002	0.000008	0.000010	0.000001	0.000000	0.000001	0.000001	0.000013	0.000003	0.000003
61	R	O	0.999941	0.000000	0.000000	0.000000	0.000005	0.000004	0.000001	0.000016	0.000003	0.000010	0.000013	0.000001	0.000000	0.000001	0.000001	0.000017	0.000003	0.000003
62	L	O	0.999921	0.000000	0.000000	0.000000	0.000005	0.000006	0.000001	0.000022	0.000002	0.000014	0.000017	0.000001	0.000000	0.000001	0.000001	0.000020	0.000005	0.000004
63	A	O	0.999897	0.000000	0.000000	0.000000	0.000005	0.000008	0.000001	0.000025	0.000003	0.000019	0.000023	0.000001	0.000000	0.000002	0.000002	0.000024	0.000007	0.000005
64	S	O	0.999869	0.000000	0.000000	0.000000	0.000004	0.000010	0.000002	0.000027	0.000003	0.000025	0.000030	0.000001	0.000000	0.000003	0.000002	0.000027	0.000011	0.000008
65	Q	O	0.999841	0.000000	0.000000	0.000000	0.000003	0.000012	0.000003	0.000023	0.000003	0.000032	0.000038	0.000001	0.000000	0.000003	0.000003	0.000026	0.000015	0.000011
66	G	O	0.999822	0.000000	0.000000	0.000000	0.000001	0.000014	0.000004	0.000019	0.000001	0.000039	0.000046	0.000000	0.000000	0.000004	0.000004	0.000020	0.000022	0.000015
67	F	O	0.999825	0.000000	0.000000	0.000000	0.000000	0.000012	0.000006	0.000008	0.000000	0.000043	0.000051	0.000000	0.000000	0.000005	0.000005	0.000009	0.000026	0.000022
68	V	O	0.999846	0.000000	0.000000	0.000000	0.000000	0.000008	0.000008	0.000000	0.000000	0.000030	0.000063	0.000000	0.000000	0.000005	0.000007	0.000000	0.000019	0.000029
69	V	O	0.999892	0.000000	0.000000	0.000000	0.000000	0.000000	0.000012	0.000000	0.000000	0.000000	0.000063	0.000000	0.000000	0.000000	0.000013	0.000000	0.000000	0.000032
70	I	O	1.000003	0.000000	0.000000	0.000000	0.000000	0.000000	0.000000	0.000000	0.000000	0.000000	0.000000	0.000000	0.000000	0.000000	0.000000	0.000000	0.000000	0.000000
