# Name=tournament_wt_276
# pos	aa	label	Other	Sec/SPI n	Sec/SPI h	Sec/SPI c	Sec/SPII n	Sec/SPII h	Sec/SPII cys	Tat/SPI n	Tat/SPI RR	Tat/SPI h	Tat/SPI c	Tat/SPII n	Tat/SPII RR	Tat/SPII h	Tat/SPII cys	Sec/SPIII P	Sec/SPIII cons.	Sec/SPIII h
1	A	O	0.990137	0.009343	0.000000	0.000000	0.000425	0.000000	0.000000	0.000008	0.000000	0.000000	0.000000	0.000000	0.000000	0.000000	0.000000	0.000116	0.000000	0.000000
2	S	O	0.990136	0.005770	0.003573	0.000000	0.000289	0.000137	0.000000	0.000005	0.000001	0.000002	0.000000	0.000000	0.000000	0.000000	0.000000	0.000096	0.000020	0.000000
3	I	O	0.990135	0.003103	0.005522	0.000717	0.000179	0.000246	0.000000	0.000003	0.000001	0.000003	0.000001	0.000000	0.000000	0.000000	0.000000	0.000075	0.000027	0.000013
4	S	O	0.990167	0.002101	0.004627	0.002598	0.000120	0.000286	0.000019	0.000003	0.000000	0.000003	0.000002	0.000000	0.000000	0.000000	0.000000	0.000062	0.000021	0.000022
5	A	O	0.990298	0.001353	0.003881	0.003998	0.000079	0.000276	0.000050	0.000002	0.000000	0.000002	0.000003	0.000000	0.000000	0.000000	0.000000	0.000051	0.000017	0.000020
6	A	O	0.990583	0.000893	0.003048	0.005070	0.000052	0.000244	0.000061	0.000001	0.000000	0.000002	0.000003	0.000000	0.000000	0.000000	0.000000	0.000041	0.000016	0.000016
7	T	O	0.990979	0.000592	0.002207	0.005891	0.000033	0.000200	0.000063	0.000001	0.000000	0.000002	0.000003	0.000000	0.000000	0.000000	0.000000	0.000032	0.000013	0.000014
8	G	O	0.991511	0.000394	0.001502	0.006337	0.000021	0.000155	0.000056	0.000001	0.000000	0.000001	0.000003	0.000000	0.000000	0.000000	0.000000	0.000025	0.000011	0.000013
9	P	O	0.992259	0.000270	0.000978	0.006306	0.000014	0.000108	0.000055	0.000000	0.000000	0.000001	0.000003	0.000000	0.000000	0.000000	0.000000	0.000019	0.000009	0.000011
10	F	O	0.993271	0.000185	0.000651	0.005771	0.000008	0.000073	0.000040	0.000000	0.000000	0.000001	0.000002	0.000000	0.000000	0.000000	0.000000	0.000014	0.000007	0.000008
11	A	O	0.994529	0.000134	0.000421	0.004841	0.000006	0.000049	0.000027	0.000000	0.000000	0.000000	0.000002	0.000000	0.000000	0.000000	0.000000	0.000010	0.000005	0.000007
12	S	O	0.995937	0.000100	0.000289	0.003632	0.000004	0.000030	0.000020	0.000000	0.000000	0.000000	0.000001	0.000000	0.000000	0.000000	0.000000	0.000008	0.000004	0.000005
13	T	O	0.997256	0.000073	0.000223	0.002436	0.000003	0.000019	0.000012	0.000000	0.000000	0.000000	0.000001	0.000000	0.000000	0.000000	0.000000	0.000006	0.000003	0.000004
14	S	O	0.998089	0.000053	0.000169	0.001687	0.000002	0.000013	0.000007	0.000000	0.000000	0.000000	0.000000	0.000000	0.000000	0.000000	0.000000	0.000004	0.000002	0.000003
15	T	O	0.998634	0.000038	0.000128	0.001210	0.000001	0.000009	0.000004	0.000000	0.000000	0.000000	0.000000	0.000000	0.000000	0.000000	0.000000	0.000003	0.000002	0.000002
16	T	O	0.998995	0.000027	0.000094	0.000900	0.000001	0.000006	0.000003	0.000000	0.000000	0.000000	0.000000	0.000000	0.000000	0.000000	0.000000	0.000002	0.000001	0.000002
17	V	O	0.999249	0.000019	0.000066	0.000687	0.000000	0.000004	0.000002	0.000000	0.000000	0.000000	0.000000	0.000000	0.000000	0.000000	0.000000	0.000001	0.000001	0.000001
18	S	O	0.999443	0.000015	0.000042	0.000520	0.000000	0.000003	0.000002	0.000000	0.000000	0.000000	0.000000	0.000000	0.000000	0.000000	0.000000	0.000001	0.000001	0.000001
19	D	O	0.999628	0.000012	0.000028	0.000354	0.000000	0.000002	0.000001	0.000000	0.000000	0.000000	0.000000	0.000000	0.000000	0.000000	0.000000	0.000001	0.000000	0.000001
20	F	O	0.999766	0.000009	0.000021	0.000225	0.000000	0.000001	0.000001	0.000000	0.000000	0.000000	0.000000	0.000000	0.000000	0.000000	0.000000	0.000001	0.000000	0.000000
21	S	O	0.999854	0.000007	0.000015	0.000150	0.000000	0.000001	0.000000	0.000000	0.000000	0.000000	0.000000	0.000000	0.000000	0.000000	0.000000	0.000000	0.000000	0.000000
22	T	O	0.999905	0.000006	0.000012	0.000102	0.000000	0.000000	0.000000	0.000000	0.000000	0.000000	0.000000	0.000000	0.000000	0.000000	0.000000	0.000000	0.000000	0.000000
23	P	O	0.999938	0.000005	0.000008	0.000072	0.000000	0.000000	0.000000	0.000000	0.000000	0.000000	0.000000	0.000000	0.000000	0.000000	0.000000	0.000000	0.000000	0.000000
24	G	O	0.999958	0.000004	0.000006	0.000051	0.000000	0.000000	0.000000	0.000000	0.000000	0.000000	0.000000	0.000000	0.000000	0.000000	0.000000	0.000000	0.000000	0.000000
25	F	O	0.999977	0.000003	0.000005	0.000035	0.000000	0.000000	0.000000	0.000000	0.000000	0.000000	0.000000	0.000000	0.000000	0.000000	0.000000	0.000000	0.000000	0.000000
26	G	O	0.999990	0.000003	0.000004	0.000026	0.000000	0.000000	0.000000	0.000000	0.000000	0.000000	0.000000	0.000000	0.000000	0.000000	0.000000	0.000000	0.000000	0.000000
27	A	O	1.000002	0.000002	0.000003	0.000017	0.000000	0.000000	0.000000	0.000000	0.000000	0.000000	0.000000	0.000000	0.000000	0.000000	0.000000	0.000000	0.000000	0.000000
28	A	O	1.000014	0.000002	0.000003	0.000012	0.000000	0.000000	0.000000	0.000000	0.000000	0.000000	0.000000	0.000000	0.000000	0.000000	0.000000	0.000000	0.000000	0.000000
29	T	O	1.000013	0.000002	0.000003	0.000009	0.000000	0.000000	0.000000	0.000000	0.000000	0.000000	0.000000	0.000000	0.000000	0.000000	0.000000	0.000000	0.000000	0.000000
30	I	O	1.000013	0.000001	0.000002	0.000007	0.000000	0.000000	0.000000	0.000000	0.000000	0.000000	0.000000	0.000000	0.000000	0.000000	0.000000	0.000000	0.000000	0.000000
31	Y	O	1.000012	0.000001	0.000002	0.000006	0.000000	0.000000	0.000000	0.000000	0.000000	0.000000	0.000000	0.000000	0.000000	0.000000	0.000000	0.000000	0.000000	0.000000
32	Y	O	1.000013	0.000001	0.000002	0.000006	0.000000	0.000000	0.000000	0.000000	0.000000	0.000000	0.000000	0.000000	0.000000	0.000000	0.000000	0.000000	0.000000	0.000000
33	P	O	1.000012	0.000001	0.000002	0.000005	0.000000	0.000000	0.000000	0.000000	0.000000	0.000000	0.000000	0.000000	0.000000	0.000000	0.000000	0.000000	0.000000	0.000000
34	T	O	1.000015	0.000001	0.000001	0.000005	0.000000	0.000000	0.000000	0.000000	0.000000	0.000000	0.000000	0.000000	0.000000	0.000000	0.000000	0.000000	0.000000	0.000000
35	T	O	1.000018	0.000000	0.000001	0.000005	0.000000	0.000000	0.000000	0.000000	0.000000	0.000000	0.000000	0.000000	0.000000	0.000000	0.000000	0.000000	0.000000	0.000000
36	T	O	1.000021	0.000000	0.000001	0.000005	0.000000	0.000000	0.000000	0.000000	0.000000	0.000000	0.000000	0.000000	0.000000	0.000000	0.000000	0.000000	0.000000	0.000000
37	T	O	1.000019	0.000000	0.000000	0.000005	0.000000	0.000000	0.000000	0.000000	0.000000	0.000000	0.000000	0.000000	0.000000	0.000000	0.000000	0.000000	0.000000	0.000000
38	Q	O	1.000014	0.000000	0.000000	0.000004	0.000000	0.000000	0.000000	0.000000	0.000000	0.000000	0.000000	0.000000	0.000000	0.000000	0.000000	0.000001	0.000000	0.000000
39	G	O	1.000013	0.000000	0.000000	0.000004	0.000000	0.000000	0.000000	0.000000	0.000000	0.000000	0.000000	0.000000	0.000000	0.000000	0.000000	0.000001	0.000000	0.000000
40	T	O	1.000016	0.000000	0.000000	0.000003	0.000000	0.000000	0.000000	0.000000	0.000000	0.000000	0.000000	0.000000	0.000000	0.000000	0.000000	0.000001	0.000000	0.000000
41	F	O	1.000019	0.000000	0.000000	0.000003	0.000000	0.000000	0.000000	0.000000	0.000000	0.000000	0.000000	0.000000	0.000000	0.000000	0.000000	0.000001	0.000000	0.000000
42	G	O	1.000019	0.000000	0.000000	0.000002	0.000000	0.000000	0.000000	0.000000	0.000000	0.000000	0.000000	0.000000	0.000000	0.000000	0.000000	0.000001	0.000000	0.000000
43	G	O	1.000019	0.000000	0.000000	0.000002	0.000000	0.000000	0.000000	0.000000	0.000000	0.000000	0.000000	0.000000	0.000000	0.000000	0.000000	0.000001	0.000000	0.000000
44	V	O	1.000021	0.000000	0.000000	0.000001	0.000000	0.000000	0.000000	0.000000	0.000000	0.000000	0.000000	0.000000	0.000000	0.000000	0.000000	0.000001	0.000000	0.000000
45	A	O	1.000021	0.000000	0.000000	0.000001	0.000000	0.000000	0.000000	0.000001	0.000000	0.000000	0.000000	0.000000	0.000000	0.000000	0.000000	0.000001	0.000000	0.000001
46	I	O	1.000018	0.000000	0.000000	0.000001	0.000000	0.000001	0.000000	0.000001	0.000000	0.000001	0.000001	0.000000	0.000000	0.000000	0.000000	0.000001	0.000001	0.000001
47	S	O	1.000022	0.000000	0.000000	0.000001	0.000000	0.000001	0.000000	0.000001	0.000000	0.000001	0.000001	0.000000	0.000000	0.000000	0.000000	0.000002	0.000001	0.000001
48	P	O	1.000015	0.000000	0.000000	0.000001	0.000000	0.000001	0.000000	0.000001	0.000000	0.000001	0.000001	0.000000	0.000000	0.000000	0.000000	0.000002	0.000001	0.000001
49	G	O	1.000013	0.000000	0.000000	0.000001	0.000001	0.000001	0.000000	0.000002	0.000000	0.000001	0.000001	0.000000	0.000000	0.000000	0.000000	0.000002	0.000001	0.000001
50	Y	O	1.000009	0.000000	0.000000	0.000001	0.000001	0.000001	0.000000	0.000002	0.000000	0.000001	0.000002	0.000000	0.000000	0.000000	0.000000	0.000003	0.000001	0.000001
51	T	O	1.000010	0.000000	0.000000	0.000001	0.000001	0.000001	0.000000	0.000003	0.000000	0.000002	0.000002	0.000000	0.000000	0.000000	0.000000	0.000004	0.000001	0.000001
52	A	O	1.000000	0.000000	0.000000	0.000000	0.000001	0.000001	0.000001	0.000004	0.000001	0.000002	0.000003	0.000000	0.000000	0.000000	0.000000	0.000004	0.000002	0.000002
53	G	O	0.999997	0.000000	0.000000	0.000000	0.000001	0.000001	0.000001	0.000005	0.000001	0.000003	0.000003	0.000000	0.000000	0.000000	0.000000	0.000006	0.000002	0.000002
54	R	O	0.999990	0.000000	0.000000	0.000000	0.000002	0.000002	0.000001	0.000006	0.000001	0.000003	0.000004	0.000000	0.000000	0.000000	0.000000	0.000007	0.000002	0.000002
55	E	O	0.999979	0.000000	0.000000	0.000000	0.000002	0.000002	0.000001	0.000009	0.000001	0.000005	0.000005	0.000000	0.000000	0.000000	0.000000	0.000008	0.000003	0.000003
56	T	O	0.999966	0.000000	0.000000	0.000000	0.000002	0.000003	0.000001	0.000012	0.000001	0.000007	0.000007	0.000000	0.000000	0.000000	0.000001	0.000010	0.000003	0.000004
57	V	O	0.999950	0.000000	0.000000	0.000000	0.000003	0.000003	0.000001	0.000015	0.000002	0.000009	0.000010	0.000000	0.000000	0.000001	0.000001	0.000012	0.000004	0.000004
58	A	O	0.999940	0.000000	0.000000	0.000000	0.000003	0.000004	0.000001	0.000018	0.000002	0.000011	0.000014	0.000000	0.000000	0.000001	0.000001	0.000014	0.000005	0.000005
59	W	O	0.999929	0.000000	0.000000	0.000000	0.000004	0.000004	0.000002	0.000022	0.000002	0.000014	0.000017	0.000001	0.000000	0.000001	0.000001	0.000016	0.000006	0.000006
60	L	O	0.999910	0.000000	0.000000	0.000000	0.000004	0.000005	0.000002	0.000024	0.000003	0.000019	0.000020	0.000001	0.000000	0.000001	0.000001	0.000018	0.000007	0.000007
61	G	O	0.999891	0.000000	0.000000	0.000000	0.000004	0.000006	0.000002	0.000028	0.000003	0.000022	0.000027	0.000001	0.000000	0.000002	0.000002	0.000021	0.000007	0.000008
62	P	O	0.999867	0.000000	0.000000	0.000000	0.000005	0.000007	0.000002	0.000032	0.000004	0.000026	0.000036	0.000001	0.000000	0.000002	0.000002	0.000024	0.000008	0.000009
63	R	O	0.999826	0.000000	0.000000	0.000000	0.000005	0.000008	0.000003	0.000035	0.000005	0.000031	0.000047	0.000001	0.000000	0.000003	0.000003	0.000028	0.000010	0.000010
64	L	O	0.999795	0.000000	0.000000	0.000000	0.000004	0.000011	0.000003	0.000039	0.000003	0.000042	0.000057	0.000001	0.000000	0.000004	0.000004	0.000029	0.000015	0.000012
65	A	O	0.999756	0.000000	0.000000	0.000000	0.000003	0.000013	0.000004	0.000035	0.000003	0.000052	0.000078	0.000001	0.000000	0.000005	0.000006	0.000029	0.000018	0.000017
66	S	O	0.999729	0.000000	0.000000	0.000000	0.000001	0.000014	0.000006	0.000024	0.000001	0.000057	0.000102	0.000000	0.000000	0.000006	0.000007	0.000023	0.000023	0.000021
67	Q	O	0.999730	0.000000	0.000000	0.000000	0.000000	0.000012	0.000008	0.000009	0.000000	0.000049	0.000123	0.000000	0.000000	0.000006	0.000010	0.000012	0.000026	0.000028
68	G	O	0.999766	0.000000	0.000000	0.000000	0.000000	0.000007	0.000009	0.000000	0.000000	0.000024	0.000132	0.000000	0.000000	0.000005	0.000011	0.000000	0.000020	0.000033
69	F	O	0.999855	0.000000	0.000000	0.000000	0.000000	0.000000	0.000012	0.000000	0.000000	0.000000	0.000084	0.000000	0.000000	0.000000	0.000018	0.000000	0.000000	0.000034
70	V	O	0.999996	0.000000	0.000000	0.000000	0.000000	0.000000	0.000000	0.000000	0.000000	0.000000	0.000000	0.000000	0.000000	0.000000	0.000000	0.000000	0.000000	0.000000
