# Name=tournament_wt_68
# pos	aa	label	Other	Sec/SPI n	Sec/SPI h	Sec/SPI c	Sec/SPII n	Sec/SPII h	Sec/SPII cys	Tat/SPI n	Tat/SPI RR	Tat/SPI h	Tat/SPI c	Tat/SPII n	Tat/SPII RR	Tat/SPII h	Tat/SPII cys	Sec/SPIII P	Sec/SPIII cons.	Sec/SPIII h
1	S	O	0.995708	0.004234	0.000000	0.000000	0.000040	0.000000	0.000000	0.000000	0.000000	0.000000	0.000000	0.000000	0.000000	0.000000	0.000000	0.000007	0.000000	0.000000
2	N	O	0.995714	0.003167	0.001067	0.000000	0.000030	0.000010	0.000000	0.000000	0.000000	0.000000	0.000000	0.000000	0.000000	0.000000	0.000000	0.000006	0.000001	0.000000
3	I	O	0.995718	0.002342	0.001594	0.000298	0.000022	0.000018	0.000000	0.000000	0.000000	0.000000	0.000000	0.000000	0.000000	0.000000	0.000000	0.000005	0.000001	0.000001
4	T	O	0.995732	0.001851	0.001508	0.000858	0.000016	0.000022	0.000002	0.000000	0.000000	0.000000	0.000000	0.000000	0.000000	0.000000	0.000000	0.000004	0.000001	0.000001
5	G	O	0.995788	0.001502	0.001295	0.001366	0.000012	0.000021	0.000004	0.000000	0.000000	0.000000	0.000000	0.000000	0.000000	0.000000	0.000000	0.000004	0.000001	0.000001
6	S	O	0.995902	0.001233	0.001112	0.001705	0.000009	0.000019	0.000006	0.000000	0.000000	0.000000	0.000000	0.000000	0.000000	0.000000	0.000000	0.000003	0.000001	0.000001
7	G	O	0.996078	0.001000	0.000983	0.001898	0.000007	0.000015	0.000005	0.000000	0.000000	0.000000	0.000000	0.000000	0.000000	0.000000	0.000000	0.000003	0.000001	0.000001
8	S	O	0.996320	0.000796	0.000904	0.001946	0.000006	0.000012	0.000004	0.000000	0.000000	0.000000	0.000000	0.000000	0.000000	0.000000	0.000000	0.000002	0.000001	0.000001
9	F	O	0.996560	0.000610	0.000844	0.001953	0.000004	0.000010	0.000004	0.000000	0.000000	0.000000	0.000000	0.000000	0.000000	0.000000	0.000000	0.000002	0.000001	0.000001
10	S	O	0.996802	0.000474	0.000725	0.001975	0.000003	0.000009	0.000003	0.000000	0.000000	0.000000	0.000000	0.000000	0.000000	0.000000	0.000000	0.000002	0.000000	0.000000
11	T	O	0.997076	0.000357	0.000642	0.001903	0.000002	0.000007	0.000002	0.000000	0.000000	0.000000	0.000000	0.000000	0.000000	0.000000	0.000000	0.000001	0.000000	0.000000
12	T	O	0.997356	0.000272	0.000541	0.001813	0.000002	0.000006	0.000002	0.000000	0.000000	0.000000	0.000000	0.000000	0.000000	0.000000	0.000000	0.000001	0.000000	0.000000
13	S	O	0.997656	0.000204	0.000457	0.001666	0.000001	0.000005	0.000002	0.000000	0.000000	0.000000	0.000000	0.000000	0.000000	0.000000	0.000000	0.000001	0.000000	0.000000
14	S	O	0.997944	0.000149	0.000387	0.001505	0.000001	0.000004	0.000001	0.000000	0.000000	0.000000	0.000000	0.000000	0.000000	0.000000	0.000000	0.000001	0.000000	0.000000
15	T	O	0.998208	0.000103	0.000327	0.001345	0.000001	0.000003	0.000001	0.000000	0.000000	0.000000	0.000000	0.000000	0.000000	0.000000	0.000000	0.000001	0.000000	0.000000
16	I	O	0.998409	0.000071	0.000248	0.001260	0.000000	0.000002	0.000001	0.000000	0.000000	0.000000	0.000000	0.000000	0.000000	0.000000	0.000000	0.000000	0.000000	0.000000
17	T	O	0.998590	0.000052	0.000163	0.001179	0.000000	0.000002	0.000001	0.000000	0.000000	0.000000	0.000000	0.000000	0.000000	0.000000	0.000000	0.000000	0.000000	0.000000
18	G	O	0.998822	0.000039	0.000108	0.001019	0.000000	0.000001	0.000001	0.000000	0.000000	0.000000	0.000000	0.000000	0.000000	0.000000	0.000000	0.000000	0.000000	0.000000
19	Q	O	0.999095	0.000030	0.000076	0.000788	0.000000	0.000001	0.000000	0.000000	0.000000	0.000000	0.000000	0.000000	0.000000	0.000000	0.000000	0.000000	0.000000	0.000000
20	S	O	0.999304	0.000023	0.000053	0.000610	0.000000	0.000001	0.000000	0.000000	0.000000	0.000000	0.000000	0.000000	0.000000	0.000000	0.000000	0.000000	0.000000	0.000000
21	G	O	0.999479	0.000018	0.000038	0.000453	0.000000	0.000000	0.000000	0.000000	0.000000	0.000000	0.000000	0.000000	0.000000	0.000000	0.000000	0.000000	0.000000	0.000000
22	F	O	0.999619	0.000014	0.000028	0.000329	0.000000	0.000000	0.000000	0.000000	0.000000	0.000000	0.000000	0.000000	0.000000	0.000000	0.000000	0.000000	0.000000	0.000000
23	G	O	0.999712	0.000012	0.000019	0.000244	0.000000	0.000000	0.000000	0.000000	0.000000	0.000000	0.000000	0.000000	0.000000	0.000000	0.000000	0.000000	0.000000	0.000000
24	G	O	0.999801	0.000010	0.000015	0.000159	0.000000	0.000000	0.000000	0.000000	0.000000	0.000000	0.000000	0.000000	0.000000	0.000000	0.000000	0.000000	0.000000	0.000000
25	G	O	0.999863	0.000008	0.000012	0.000102	0.000000	0.000000	0.000000	0.000000	0.000000	0.000000	0.000000	0.000000	0.000000	0.000000	0.000000	0.000000	0.000000	0.000000
26	T	O	0.999907	0.000006	0.000010	0.000067	0.000000	0.000000	0.000000	0.000000	0.000000	0.000000	0.000000	0.000000	0.000000	0.000000	0.000000	0.000000	0.000000	0.000000
27	V	O	0.999923	0.000005	0.000009	0.000047	0.000000	0.000000	0.000000	0.000000	0.000000	0.000000	0.000000	0.000000	0.000000	0.000000	0.000000	0.000000	0.000000	0.000000
28	Y	O	0.999940	0.000004	0.000007	0.000035	0.000000	0.000000	0.000000	0.000000	0.000000	0.000000	0.000000	0.000000	0.000000	0.000000	0.000000	0.000000	0.000000	0.000000
29	Y	O	0.999951	0.000003	0.000005	0.000027	0.000000	0.000000	0.000000	0.000000	0.000000	0.000000	0.000000	0.000000	0.000000	0.000000	0.000000	0.000000	0.000000	0.000000
30	P	O	0.999957	0.000003	0.000004	0.000021	0.000000	0.000000	0.000000	0.000000	0.000000	0.000000	0.000000	0.000000	0.000000	0.000000	0.000000	0.000000	0.000000	0.000000
31	T	O	0.999968	0.000002	0.000003	0.000017	0.000000	0.000000	0.000000	0.000000	0.000000	0.000000	0.000000	0.000000	0.000000	0.000000	0.000000	0.000000	0.000000	0.000000
32	A	O	0.999972	0.000002	0.000003	0.000013	0.000000	0.000000	0.000000	0.000000	0.000000	0.000000	0.000000	0.000000	0.000000	0.000000	0.000000	0.000000	0.000000	0.000000
33	S	O	0.999971	0.000002	0.000002	0.000011	0.000000	0.000000	0.000000	0.000000	0.000000	0.000000	0.000000	0.000000	0.000000	0.000000	0.000000	0.000000	0.000000	0.000000
34	G	O	0.999977	0.000002	0.000002	0.000008	0.000000	0.000000	0.000000	0.000000	0.000000	0.000000	0.000000	0.000000	0.000000	0.000000	0.000000	0.000000	0.000000	0.000000
35	K	O	0.999985	0.000001	0.000001	0.000007	0.000000	0.000000	0.000000	0.000000	0.000000	0.000000	0.000000	0.000000	0.000000	0.000000	0.000000	0.000000	0.000000	0.000000
36	Y	O	0.999985	0.000001	0.000001	0.000005	0.000000	0.000000	0.000000	0.000000	0.000000	0.000000	0.000000	0.000000	0.000000	0.000000	0.000000	0.000000	0.000000	0.000000
37	P	O	0.999988	0.000001	0.000001	0.000005	0.000000	0.000000	0.000000	0.000000	0.000000	0.000000	0.000000	0.000000	0.000000	0.000000	0.000000	0.000000	0.000000	0.000000
38	V	O	0.999992	0.000001	0.000001	0.000004	0.000000	0.000000	0.000000	0.000000	0.000000	0.000000	0.000000	0.000000	0.000000	0.000000	0.000000	0.000000	0.000000	0.000000
39	V	O	0.999990	0.000001	0.000001	0.000004	0.000000	0.000000	0.000000	0.000000	0.000000	0.000000	0.000000	0.000000	0.000000	0.000000	0.000000	0.000000	0.000000	0.000000
40	A	O	0.999993	0.000001	0.000001	0.000003	0.000000	0.000000	0.000000	0.000000	0.000000	0.000000	0.000000	0.000000	0.000000	0.000000	0.000000	0.000000	0.000000	0.000000
41	M	O	0.999995	0.000000	0.000001	0.000003	0.000000	0.000000	0.000000	0.000000	0.000000	0.000000	0.000000	0.000000	0.000000	0.000000	0.000000	0.000000	0.000000	0.000000
42	V	O	0.999999	0.000000	0.000001	0.000002	0.000000	0.000000	0.000000	0.000000	0.000000	0.000000	0.000000	0.000000	0.000000	0.000000	0.000000	0.000000	0.000000	0.000000
43	P	O	0.999995	0.000000	0.000000	0.000002	0.000000	0.000000	0.000000	0.000000	0.000000	0.000000	0.000000	0.000000	0.000000	0.000000	0.000000	0.000000	0.000000	0.000000
44	G	O	0.999998	0.000000	0.000000	0.000002	0.000000	0.000000	0.000000	0.000000	0.000000	0.000000	0.000000	0.000000	0.000000	0.000000	0.000000	0.000000	0.000000	0.000000
45	F	O	0.999999	0.000000	0.000000	0.000002	0.000000	0.000000	0.000000	0.000000	0.000000	0.000000	0.000000	0.000000	0.000000	0.000000	0.000000	0.000000	0.000000	0.000000
46	L	O	1.000001	0.000000	0.000000	0.000002	0.000000	0.000000	0.000000	0.000000	0.000000	0.000000	0.000000	0.000000	0.000000	0.000000	0.000000	0.000000	0.000000	0.000000
47	S	O	1.000003	0.000000	0.000000	0.000002	0.000000	0.000000	0.000000	0.000000	0.000000	0.000000	0.000000	0.000000	0.000000	0.000000	0.000000	0.000000	0.000000	0.000000
48	D	O	1.000005	0.000000	0.000000	0.000001	0.000000	0.000000	0.000000	0.000000	0.000000	0.000000	0.000000	0.000000	0.000000	0.000000	0.000000	0.000000	0.000000	0.000000
49	W	O	1.000006	0.000000	0.000000	0.000001	0.000000	0.000000	0.000000	0.000000	0.000000	0.000000	0.000000	0.000000	0.000000	0.000000	0.000000	0.000000	0.000000	0.000000
50	S	O	1.000004	0.000000	0.000000	0.000001	0.000000	0.000000	0.000000	0.000001	0.000000	0.000000	0.000000	0.000000	0.000000	0.000000	0.000000	0.000001	0.000000	0.000000
51	S	O	1.000001	0.000000	0.000000	0.000001	0.000001	0.000000	0.000000	0.000001	0.000000	0.000000	0.000000	0.000000	0.000000	0.000000	0.000000	0.000001	0.000000	0.000000
52	I	O	1.000005	0.000000	0.000000	0.000001	0.000001	0.000000	0.000000	0.000001	0.000000	0.000000	0.000000	0.000000	0.000000	0.000000	0.000000	0.000001	0.000000	0.000000
53	S	O	1.000006	0.000000	0.000000	0.000001	0.000001	0.000001	0.000000	0.000002	0.000000	0.000000	0.000000	0.000000	0.000000	0.000000	0.000000	0.000001	0.000000	0.000000
54	W	O	1.000005	0.000000	0.000000	0.000001	0.000002	0.000001	0.000000	0.000002	0.000000	0.000001	0.000000	0.000000	0.000000	0.000000	0.000000	0.000002	0.000000	0.000000
55	L	O	1.000001	0.000000	0.000000	0.000001	0.000002	0.000001	0.000000	0.000003	0.000000	0.000001	0.000001	0.000000	0.000000	0.000000	0.000000	0.000002	0.000000	0.000000
56	G	O	0.999998	0.000000	0.000000	0.000001	0.000003	0.000001	0.000000	0.000004	0.000001	0.000001	0.000001	0.000000	0.000000	0.000000	0.000000	0.000003	0.000000	0.000001
57	P	O	0.999994	0.000000	0.000000	0.000001	0.000004	0.000002	0.000000	0.000006	0.000001	0.000002	0.000002	0.000000	0.000000	0.000000	0.000000	0.000004	0.000001	0.000001
58	R	O	0.999984	0.000000	0.000000	0.000000	0.000005	0.000002	0.000000	0.000008	0.000002	0.000002	0.000002	0.000000	0.000000	0.000000	0.000000	0.000006	0.000001	0.000001
59	V	O	0.999970	0.000000	0.000000	0.000000	0.000006	0.000004	0.000000	0.000012	0.000002	0.000004	0.000003	0.000001	0.000000	0.000000	0.000000	0.000008	0.000001	0.000001
60	A	O	0.999961	0.000000	0.000000	0.000000	0.000007	0.000005	0.000000	0.000016	0.000002	0.000006	0.000005	0.000001	0.000000	0.000000	0.000000	0.000010	0.000002	0.000001
61	S	O	0.999946	0.000000	0.000000	0.000000	0.000007	0.000007	0.000001	0.000018	0.000002	0.000009	0.000006	0.000001	0.000000	0.000001	0.000000	0.000011	0.000003	0.000002
62	W	O	0.999933	0.000000	0.000000	0.000000	0.000006	0.000010	0.000001	0.000018	0.000003	0.000016	0.000007	0.000001	0.000000	0.000001	0.000000	0.000010	0.000005	0.000003
63	G	O	0.999919	0.000000	0.000000	0.000000	0.000005	0.000014	0.000001	0.000018	0.000002	0.000024	0.000009	0.000001	0.000000	0.000002	0.000000	0.000010	0.000007	0.000004
64	F	O	0.999911	0.000000	0.000000	0.000000	0.000004	0.000017	0.000002	0.000015	0.000001	0.000034	0.000010	0.000001	0.000000	0.000003	0.000001	0.000009	0.000009	0.000006
65	V	O	0.999890	0.000000	0.000000	0.000000	0.000003	0.000020	0.000002	0.000011	0.000001	0.000040	0.000016	0.000000	0.000000	0.000004	0.000001	0.000008	0.000010	0.000007
66	V	O	0.999883	0.000000	0.000000	0.000000	0.000001	0.000022	0.000003	0.000007	0.000000	0.000041	0.000025	0.000000	0.000000	0.000005	0.000002	0.000006	0.000012	0.000009
67	V	O	0.999876	0.000000	0.000000	0.000000	0.000000	0.000021	0.000005	0.000002	0.000000	0.000035	0.000037	0.000000	0.000000	0.000005	0.000003	0.000003	0.000012	0.000012
68	G	O	0.999878	0.000000	0.000000	0.000000	0.000000	0.000016	0.000009	0.000000	0.000000	0.000013	0.000055	0.000000	0.000000	0.000003	0.000006	0.000000	0.000007	0.000016
69	A	O	0.999932	0.000000	0.000000	0.000000	0.000000	0.000000	0.000021	0.000000	0.000000	0.000000	0.000036	0.000000	0.000000	0.000000	0.000009	0.000000	0.000000	0.000015
70	N	O	1.000000	0.000000	0.000000	0.000000	0.000000	0.000000	0.000000	0.000000	0.000000	0.000000	0.000000	0.000000	0.000000	0.000000	0.000000	0.000000	0.000000	0.000000
