# Name=tournament_wt_103
# pos	aa	label	Other	Sec/SPI n	Sec/SPI h	Sec/SPI c	Sec/SPII n	Sec/SPII h	Sec/SPII cys	Tat/SPI n	Tat/SPI RR	Tat/SPI h	Tat/SPI c	Tat/SPII n	Tat/SPII RR	Tat/SPII h	Tat/SPII cys	Sec/SPIII P	Sec/SPIII cons.	Sec/SPIII h
1	S	O	0.997262	0.002696	0.000000	0.000000	0.000018	0.000000	0.000000	0.000000	0.000000	0.000000	0.000000	0.000000	0.000000	0.000000	0.000000	0.000011	0.000000	0.000000
2	D	O	0.997262	0.002339	0.000357	0.000000	0.000014	0.000005	0.000000	0.000000	0.000000	0.000000	0.000000	0.000000	0.000000	0.000000	0.000000	0.000009	0.000002	0.000000
3	T	O	0.997262	0.002031	0.000582	0.000084	0.000010	0.000008	0.000000	0.000000	0.000000	0.000000	0.000000	0.000000	0.000000	0.000000	0.000000	0.000008	0.000002	0.000001
4	R	O	0.997273	0.001783	0.000693	0.000208	0.000008	0.000009	0.000001	0.000000	0.000000	0.000000	0.000000	0.000000	0.000000	0.000000	0.000000	0.000007	0.000002	0.000002
5	D	O	0.997308	0.001563	0.000748	0.000345	0.000006	0.000008	0.000002	0.000000	0.000000	0.000000	0.000000	0.000000	0.000000	0.000000	0.000000	0.000006	0.000002	0.000002
6	N	O	0.997349	0.001349	0.000796	0.000468	0.000005	0.000007	0.000002	0.000000	0.000000	0.000000	0.000000	0.000000	0.000000	0.000000	0.000000	0.000005	0.000001	0.000001
7	G	O	0.997414	0.001130	0.000857	0.000570	0.000004	0.000006	0.000002	0.000000	0.000000	0.000000	0.000000	0.000000	0.000000	0.000000	0.000000	0.000004	0.000001	0.000001
8	P	O	0.997483	0.000929	0.000898	0.000659	0.000003	0.000005	0.000002	0.000000	0.000000	0.000000	0.000000	0.000000	0.000000	0.000000	0.000000	0.000004	0.000001	0.000001
9	F	O	0.997562	0.000748	0.000914	0.000746	0.000003	0.000005	0.000001	0.000000	0.000000	0.000000	0.000000	0.000000	0.000000	0.000000	0.000000	0.000003	0.000001	0.000001
10	S	O	0.997656	0.000600	0.000890	0.000828	0.000002	0.000004	0.000001	0.000000	0.000000	0.000000	0.000000	0.000000	0.000000	0.000000	0.000000	0.000003	0.000001	0.000001
11	V	O	0.997757	0.000470	0.000859	0.000888	0.000002	0.000003	0.000001	0.000000	0.000000	0.000000	0.000000	0.000000	0.000000	0.000000	0.000000	0.000003	0.000001	0.000001
12	S	O	0.997863	0.000378	0.000764	0.000972	0.000002	0.000003	0.000001	0.000000	0.000000	0.000000	0.000000	0.000000	0.000000	0.000000	0.000000	0.000002	0.000000	0.000000
13	T	O	0.997982	0.000303	0.000663	0.001029	0.000002	0.000002	0.000001	0.000000	0.000000	0.000000	0.000000	0.000000	0.000000	0.000000	0.000000	0.000002	0.000000	0.000000
14	K	O	0.998105	0.000246	0.000548	0.001082	0.000001	0.000002	0.000001	0.000000	0.000000	0.000000	0.000000	0.000000	0.000000	0.000000	0.000000	0.000002	0.000000	0.000000
15	H	O	0.998235	0.000200	0.000433	0.001114	0.000001	0.000001	0.000001	0.000000	0.000000	0.000000	0.000000	0.000000	0.000000	0.000000	0.000000	0.000002	0.000000	0.000000
16	V	O	0.998377	0.000164	0.000334	0.001110	0.000001	0.000001	0.000000	0.000000	0.000000	0.000000	0.000000	0.000000	0.000000	0.000000	0.000000	0.000002	0.000000	0.000000
17	A	O	0.998516	0.000137	0.000248	0.001085	0.000001	0.000001	0.000000	0.000000	0.000000	0.000000	0.000000	0.000000	0.000000	0.000000	0.000000	0.000001	0.000000	0.000000
18	R	O	0.998657	0.000115	0.000181	0.001030	0.000001	0.000001	0.000000	0.000000	0.000000	0.000000	0.000000	0.000000	0.000000	0.000000	0.000000	0.000001	0.000000	0.000000
19	Q	O	0.998820	0.000098	0.000133	0.000934	0.000001	0.000001	0.000000	0.000000	0.000000	0.000000	0.000000	0.000000	0.000000	0.000000	0.000000	0.000001	0.000000	0.000000
20	S	O	0.998971	0.000084	0.000099	0.000828	0.000001	0.000001	0.000000	0.000000	0.000000	0.000000	0.000000	0.000000	0.000000	0.000000	0.000000	0.000001	0.000000	0.000000
21	A	O	0.999128	0.000072	0.000077	0.000710	0.000001	0.000001	0.000000	0.000000	0.000000	0.000000	0.000000	0.000000	0.000000	0.000000	0.000000	0.000001	0.000000	0.000000
22	K	O	0.999264	0.000063	0.000058	0.000604	0.000001	0.000001	0.000000	0.000000	0.000000	0.000000	0.000000	0.000000	0.000000	0.000000	0.000000	0.000001	0.000000	0.000000
23	G	O	0.999400	0.000055	0.000048	0.000483	0.000001	0.000001	0.000000	0.000000	0.000000	0.000000	0.000000	0.000000	0.000000	0.000000	0.000000	0.000001	0.000000	0.000000
24	F	O	0.999555	0.000048	0.000044	0.000338	0.000001	0.000001	0.000000	0.000000	0.000000	0.000000	0.000000	0.000000	0.000000	0.000000	0.000000	0.000001	0.000000	0.000000
25	G	O	0.999652	0.000042	0.000040	0.000251	0.000001	0.000001	0.000000	0.000000	0.000000	0.000000	0.000000	0.000000	0.000000	0.000000	0.000000	0.000001	0.000000	0.000000
26	G	O	0.999736	0.000036	0.000038	0.000179	0.000001	0.000001	0.000000	0.000000	0.000000	0.000000	0.000000	0.000000	0.000000	0.000000	0.000000	0.000001	0.000000	0.000000
27	G	O	0.999802	0.000031	0.000037	0.000119	0.000000	0.000001	0.000000	0.000000	0.000000	0.000000	0.000000	0.000000	0.000000	0.000000	0.000000	0.000001	0.000000	0.000000
28	T	O	0.999852	0.000025	0.000038	0.000073	0.000000	0.000001	0.000000	0.000000	0.000000	0.000000	0.000000	0.000000	0.000000	0.000000	0.000000	0.000000	0.000000	0.000000
29	I	O	0.999887	0.000020	0.000040	0.000044	0.000000	0.000001	0.000000	0.000000	0.000000	0.000000	0.000000	0.000000	0.000000	0.000000	0.000000	0.000000	0.000000	0.000000
30	H	O	0.999904	0.000015	0.000040	0.000030	0.000000	0.000001	0.000000	0.000000	0.000000	0.000000	0.000000	0.000000	0.000000	0.000000	0.000000	0.000000	0.000000	0.000000
31	Y	O	0.999913	0.000011	0.000041	0.000022	0.000000	0.000001	0.000000	0.000000	0.000000	0.000000	0.000000	0.000000	0.000000	0.000000	0.000000	0.000000	0.000000	0.000000
32	P	O	0.999918	0.000008	0.000040	0.000018	0.000000	0.000001	0.000000	0.000000	0.000000	0.000000	0.000000	0.000000	0.000000	0.000000	0.000000	0.000000	0.000000	0.000000
33	T	O	0.999927	0.000005	0.000040	0.000013	0.000000	0.000001	0.000000	0.000000	0.000000	0.000000	0.000000	0.000000	0.000000	0.000000	0.000000	0.000000	0.000000	0.000000
34	D	O	0.999930	0.000004	0.000039	0.000011	0.000000	0.000001	0.000000	0.000000	0.000000	0.000000	0.000000	0.000000	0.000000	0.000000	0.000000	0.000000	0.000000	0.000000
35	A	O	0.999935	0.000002	0.000039	0.000008	0.000000	0.000001	0.000000	0.000000	0.000000	0.000000	0.000000	0.000000	0.000000	0.000000	0.000000	0.000000	0.000000	0.000000
36	I	O	0.999940	0.000001	0.000039	0.000005	0.000000	0.000001	0.000000	0.000000	0.000000	0.000000	0.000000	0.000000	0.000000	0.000000	0.000000	0.000000	0.000000	0.000000
37	G	O	0.999942	0.000000	0.000038	0.000004	0.000000	0.000001	0.000000	0.000000	0.000000	0.000000	0.000000	0.000000	0.000000	0.000000	0.000000	0.000000	0.000000	0.000000
38	C	O	0.999945	0.000000	0.000038	0.000003	0.000000	0.000001	0.000000	0.000000	0.000000	0.000000	0.000000	0.000000	0.000000	0.000000	0.000000	0.000000	0.000000	0.000000
39	G	O	0.999949	0.000000	0.000037	0.000003	0.000000	0.000001	0.000000	0.000000	0.000000	0.000000	0.000000	0.000000	0.000000	0.000000	0.000000	0.000000	0.000000	0.000000
40	L	O	0.999949	0.000000	0.000036	0.000002	0.000000	0.000001	0.000000	0.000000	0.000000	0.000000	0.000000	0.000000	0.000000	0.000000	0.000000	0.000000	0.000000	0.000000
41	S	O	0.999954	0.000000	0.000036	0.000002	0.000000	0.000001	0.000000	0.000000	0.000000	0.000000	0.000000	0.000000	0.000000	0.000000	0.000000	0.000000	0.000000	0.000000
42	G	O	0.999957	0.000000	0.000035	0.000002	0.000000	0.000001	0.000000	0.000000	0.000000	0.000000	0.000000	0.000000	0.000000	0.000000	0.000000	0.000000	0.000000	0.000000
43	A	O	0.999955	0.000000	0.000034	0.000002	0.000000	0.000001	0.000000	0.000000	0.000000	0.000000	0.000000	0.000000	0.000000	0.000000	0.000000	0.000000	0.000000	0.000000
44	I	O	0.999956	0.000000	0.000033	0.000003	0.000000	0.000001	0.000000	0.000000	0.000000	0.000000	0.000000	0.000000	0.000000	0.000000	0.000000	0.000000	0.000000	0.000000
45	A	O	0.999965	0.000000	0.000031	0.000004	0.000000	0.000001	0.000000	0.000000	0.000000	0.000000	0.000000	0.000000	0.000000	0.000000	0.000000	0.000000	0.000000	0.000000
46	V	O	0.999962	0.000000	0.000029	0.000005	0.000000	0.000001	0.000001	0.000000	0.000000	0.000000	0.000000	0.000000	0.000000	0.000000	0.000000	0.000000	0.000000	0.000000
47	V	O	0.999965	0.000000	0.000025	0.000008	0.000000	0.000001	0.000001	0.000000	0.000000	0.000000	0.000000	0.000000	0.000000	0.000000	0.000000	0.000000	0.000000	0.000000
48	P	O	0.999969	0.000000	0.000019	0.000014	0.000000	0.000001	0.000001	0.000000	0.000000	0.000000	0.000000	0.000000	0.000000	0.000000	0.000000	0.000000	0.000000	0.000000
49	G	O	0.999973	0.000000	0.000013	0.000018	0.000000	0.000001	0.000001	0.000001	0.000000	0.000000	0.000000	0.000000	0.000000	0.000000	0.000000	0.000000	0.000000	0.000000
50	Y	O	0.999972	0.000000	0.000009	0.000020	0.000000	0.000001	0.000001	0.000001	0.000000	0.000000	0.000000	0.000000	0.000000	0.000000	0.000000	0.000000	0.000000	0.000000
51	V	O	0.999977	0.000000	0.000006	0.000021	0.000000	0.000001	0.000001	0.000001	0.000000	0.000000	0.000000	0.000000	0.000000	0.000000	0.000000	0.000000	0.000000	0.000000
52	S	O	0.999980	0.000000	0.000003	0.000021	0.000001	0.000001	0.000001	0.000001	0.000000	0.000001	0.000000	0.000000	0.000000	0.000000	0.000000	0.000000	0.000000	0.000000
53	Y	O	0.999983	0.000000	0.000002	0.000019	0.000001	0.000001	0.000000	0.000001	0.000000	0.000001	0.000001	0.000000	0.000000	0.000000	0.000000	0.000001	0.000000	0.000000
54	E	O	0.999984	0.000000	0.000001	0.000016	0.000002	0.000001	0.000000	0.000002	0.000000	0.000001	0.000001	0.000000	0.000000	0.000000	0.000000	0.000001	0.000000	0.000000
55	A	O	0.999980	0.000000	0.000001	0.000013	0.000002	0.000001	0.000000	0.000002	0.000000	0.000001	0.000001	0.000000	0.000000	0.000000	0.000000	0.000001	0.000000	0.000000
56	A	O	0.999981	0.000000	0.000001	0.000010	0.000003	0.000001	0.000000	0.000002	0.000000	0.000001	0.000001	0.000000	0.000000	0.000000	0.000000	0.000001	0.000000	0.000000
57	I	O	0.999980	0.000000	0.000000	0.000008	0.000004	0.000002	0.000000	0.000002	0.000000	0.000002	0.000001	0.000000	0.000000	0.000000	0.000000	0.000002	0.000000	0.000000
58	K	O	0.999976	0.000000	0.000000	0.000006	0.000005	0.000002	0.000000	0.000002	0.000000	0.000002	0.000002	0.000000	0.000000	0.000000	0.000000	0.000002	0.000000	0.000000
59	W	O	0.999970	0.000000	0.000000	0.000004	0.000006	0.000004	0.000000	0.000003	0.000000	0.000002	0.000002	0.000000	0.000000	0.000000	0.000000	0.000003	0.000001	0.000000
60	W	O	0.999967	0.000000	0.000000	0.000003	0.000007	0.000005	0.000001	0.000003	0.000000	0.000003	0.000003	0.000000	0.000000	0.000000	0.000000	0.000004	0.000001	0.000001
61	G	O	0.999965	0.000000	0.000000	0.000002	0.000008	0.000008	0.000001	0.000003	0.000000	0.000003	0.000004	0.000000	0.000000	0.000000	0.000000	0.000005	0.000001	0.000001
62	P	O	0.999962	0.000000	0.000000	0.000002	0.000009	0.000011	0.000001	0.000003	0.000000	0.000003	0.000005	0.000000	0.000000	0.000001	0.000000	0.000006	0.000002	0.000001
63	R	O	0.999952	0.000000	0.000000	0.000001	0.000008	0.000014	0.000002	0.000003	0.000001	0.000003	0.000007	0.000000	0.000000	0.000001	0.000000	0.000006	0.000003	0.000001
64	L	O	0.999948	0.000000	0.000000	0.000001	0.000004	0.000020	0.000003	0.000003	0.000000	0.000004	0.000006	0.000000	0.000000	0.000001	0.000001	0.000004	0.000005	0.000002
65	A	O	0.999948	0.000000	0.000000	0.000000	0.000002	0.000022	0.000004	0.000002	0.000000	0.000005	0.000006	0.000000	0.000000	0.000002	0.000001	0.000002	0.000005	0.000004
66	S	O	0.999950	0.000000	0.000000	0.000000	0.000001	0.000020	0.000006	0.000001	0.000000	0.000005	0.000007	0.000000	0.000000	0.000002	0.000001	0.000001	0.000004	0.000005
67	W	O	0.999960	0.000000	0.000000	0.000000	0.000000	0.000015	0.000010	0.000000	0.000000	0.000003	0.000007	0.000000	0.000000	0.000002	0.000001	0.000000	0.000002	0.000005
68	G	O	0.999971	0.000000	0.000000	0.000000	0.000000	0.000010	0.000007	0.000000	0.000000	0.000001	0.000007	0.000000	0.000000	0.000001	0.000001	0.000000	0.000001	0.000005
69	F	O	0.999977	0.000000	0.000000	0.000000	0.000000	0.000000	0.000013	0.000000	0.000000	0.000000	0.000005	0.000000	0.000000	0.000000	0.000003	0.000000	0.000000	0.000004
70	V	O	0.999998	0.000000	0.000000	0.000000	0.000000	0.000000	0.000000	0.000000	0.000000	0.000000	0.000000	0.000000	0.000000	0.000000	0.000000	0.000000	0.000000	0.000000
