# Name=tournament_wt_93
# pos	aa	label	Other	Sec/SPI n	Sec/SPI h	Sec/SPI c	Sec/SPII n	Sec/SPII h	Sec/SPII cys	Tat/SPI n	Tat/SPI RR	Tat/SPI h	Tat/SPI c	Tat/SPII n	Tat/SPII RR	Tat/SPII h	Tat/SPII cys	Sec/SPIII P	Sec/SPIII cons.	Sec/SPIII h
1	S	O	0.993743	0.006086	0.000000	0.000000	0.000159	0.000000	0.000000	0.000001	0.000000	0.000000	0.000000	0.000000	0.000000	0.000000	0.000000	0.000026	0.000000	0.000000
2	I	O	0.993749	0.004485	0.001601	0.000000	0.000116	0.000043	0.000000	0.000000	0.000000	0.000000	0.000000	0.000000	0.000000	0.000000	0.000000	0.000021	0.000005	0.000000
3	E	O	0.993752	0.003658	0.002040	0.000387	0.000089	0.000070	0.000000	0.000000	0.000000	0.000000	0.000000	0.000000	0.000000	0.000000	0.000000	0.000017	0.000005	0.000004
4	A	O	0.993774	0.002918	0.002354	0.000802	0.000068	0.000080	0.000011	0.000000	0.000000	0.000000	0.000000	0.000000	0.000000	0.000000	0.000000	0.000014	0.000004	0.000004
5	P	O	0.993816	0.002340	0.002413	0.001294	0.000053	0.000079	0.000016	0.000000	0.000000	0.000000	0.000000	0.000000	0.000000	0.000000	0.000000	0.000012	0.000004	0.000004
6	R	O	0.993882	0.001873	0.002300	0.001833	0.000042	0.000071	0.000020	0.000000	0.000000	0.000000	0.000000	0.000000	0.000000	0.000000	0.000000	0.000010	0.000003	0.000003
7	G	O	0.993965	0.001458	0.002161	0.002326	0.000031	0.000065	0.000016	0.000000	0.000000	0.000000	0.000000	0.000000	0.000000	0.000000	0.000000	0.000008	0.000003	0.000003
8	P	O	0.994062	0.001125	0.001957	0.002783	0.000023	0.000058	0.000015	0.000000	0.000000	0.000000	0.000000	0.000000	0.000000	0.000000	0.000000	0.000007	0.000002	0.000002
9	F	O	0.994192	0.000858	0.001740	0.003156	0.000017	0.000051	0.000013	0.000000	0.000000	0.000000	0.000000	0.000000	0.000000	0.000000	0.000000	0.000005	0.000002	0.000002
10	A	O	0.994357	0.000675	0.001454	0.003475	0.000012	0.000044	0.000011	0.000000	0.000000	0.000000	0.000000	0.000000	0.000000	0.000000	0.000000	0.000004	0.000002	0.000002
11	I	O	0.994649	0.000512	0.001322	0.003487	0.000009	0.000034	0.000013	0.000000	0.000000	0.000000	0.000000	0.000000	0.000000	0.000000	0.000000	0.000003	0.000001	0.000001
12	A	O	0.995020	0.000406	0.001136	0.003422	0.000007	0.000027	0.000009	0.000000	0.000000	0.000000	0.000000	0.000000	0.000000	0.000000	0.000000	0.000003	0.000001	0.000001
13	E	O	0.995502	0.000319	0.001004	0.003170	0.000005	0.000021	0.000008	0.000000	0.000000	0.000000	0.000000	0.000000	0.000000	0.000000	0.000000	0.000002	0.000001	0.000001
14	T	O	0.995867	0.000242	0.000868	0.003028	0.000003	0.000018	0.000005	0.000000	0.000000	0.000000	0.000000	0.000000	0.000000	0.000000	0.000000	0.000002	0.000001	0.000001
15	R	O	0.996150	0.000185	0.000705	0.002964	0.000002	0.000014	0.000005	0.000000	0.000000	0.000000	0.000000	0.000000	0.000000	0.000000	0.000000	0.000001	0.000001	0.000001
16	V	O	0.996450	0.000139	0.000559	0.002866	0.000002	0.000011	0.000004	0.000000	0.000000	0.000000	0.000000	0.000000	0.000000	0.000000	0.000000	0.000001	0.000001	0.000001
17	S	O	0.996744	0.000107	0.000419	0.002744	0.000001	0.000008	0.000003	0.000000	0.000000	0.000000	0.000000	0.000000	0.000000	0.000000	0.000000	0.000001	0.000000	0.000000
18	S	O	0.997098	0.000081	0.000316	0.002526	0.000001	0.000006	0.000002	0.000000	0.000000	0.000000	0.000000	0.000000	0.000000	0.000000	0.000000	0.000001	0.000000	0.000000
19	L	O	0.997470	0.000061	0.000240	0.002251	0.000001	0.000005	0.000002	0.000000	0.000000	0.000000	0.000000	0.000000	0.000000	0.000000	0.000000	0.000001	0.000000	0.000000
20	S	O	0.997767	0.000047	0.000167	0.002040	0.000000	0.000003	0.000001	0.000000	0.000000	0.000000	0.000000	0.000000	0.000000	0.000000	0.000000	0.000000	0.000000	0.000000
21	V	O	0.998076	0.000037	0.000115	0.001791	0.000000	0.000003	0.000001	0.000000	0.000000	0.000000	0.000000	0.000000	0.000000	0.000000	0.000000	0.000000	0.000000	0.000000
22	R	O	0.998370	0.000030	0.000075	0.001548	0.000000	0.000002	0.000001	0.000000	0.000000	0.000000	0.000000	0.000000	0.000000	0.000000	0.000000	0.000000	0.000000	0.000000
23	G	O	0.998694	0.000025	0.000050	0.001257	0.000000	0.000001	0.000001	0.000000	0.000000	0.000000	0.000000	0.000000	0.000000	0.000000	0.000000	0.000000	0.000000	0.000000
24	F	O	0.999068	0.000021	0.000038	0.000904	0.000000	0.000001	0.000000	0.000000	0.000000	0.000000	0.000000	0.000000	0.000000	0.000000	0.000000	0.000000	0.000000	0.000000
25	G	O	0.999322	0.000018	0.000027	0.000661	0.000000	0.000000	0.000000	0.000000	0.000000	0.000000	0.000000	0.000000	0.000000	0.000000	0.000000	0.000000	0.000000	0.000000
26	G	O	0.999546	0.000015	0.000022	0.000446	0.000000	0.000000	0.000000	0.000000	0.000000	0.000000	0.000000	0.000000	0.000000	0.000000	0.000000	0.000000	0.000000	0.000000
27	G	O	0.999708	0.000013	0.000019	0.000291	0.000000	0.000000	0.000000	0.000000	0.000000	0.000000	0.000000	0.000000	0.000000	0.000000	0.000000	0.000000	0.000000	0.000000
28	T	O	0.999815	0.000011	0.000017	0.000188	0.000000	0.000000	0.000000	0.000000	0.000000	0.000000	0.000000	0.000000	0.000000	0.000000	0.000000	0.000000	0.000000	0.000000
29	I	O	0.999876	0.000009	0.000016	0.000133	0.000000	0.000000	0.000000	0.000000	0.000000	0.000000	0.000000	0.000000	0.000000	0.000000	0.000000	0.000000	0.000000	0.000000
30	Y	O	0.999912	0.000007	0.000014	0.000101	0.000000	0.000000	0.000000	0.000000	0.000000	0.000000	0.000000	0.000000	0.000000	0.000000	0.000000	0.000000	0.000000	0.000000
31	Y	O	0.999930	0.000006	0.000012	0.000081	0.000000	0.000000	0.000000	0.000000	0.000000	0.000000	0.000000	0.000000	0.000000	0.000000	0.000000	0.000000	0.000000	0.000000
32	P	O	0.999952	0.000005	0.000010	0.000067	0.000000	0.000000	0.000000	0.000000	0.000000	0.000000	0.000000	0.000000	0.000000	0.000000	0.000000	0.000000	0.000000	0.000000
33	T	O	0.999958	0.000004	0.000009	0.000058	0.000000	0.000000	0.000000	0.000000	0.000000	0.000000	0.000000	0.000000	0.000000	0.000000	0.000000	0.000000	0.000000	0.000000
34	S	O	0.999969	0.000003	0.000007	0.000053	0.000000	0.000000	0.000000	0.000000	0.000000	0.000000	0.000000	0.000000	0.000000	0.000000	0.000000	0.000000	0.000000	0.000000
35	T	O	0.999965	0.000002	0.000005	0.000049	0.000000	0.000000	0.000000	0.000000	0.000000	0.000000	0.000000	0.000000	0.000000	0.000000	0.000000	0.000000	0.000000	0.000000
36	R	O	0.999977	0.000002	0.000004	0.000047	0.000000	0.000000	0.000000	0.000000	0.000000	0.000000	0.000000	0.000000	0.000000	0.000000	0.000000	0.000000	0.000000	0.000000
37	E	O	0.999981	0.000002	0.000003	0.000043	0.000000	0.000000	0.000000	0.000000	0.000000	0.000000	0.000000	0.000000	0.000000	0.000000	0.000000	0.000000	0.000000	0.000000
38	G	O	0.999978	0.000001	0.000002	0.000038	0.000000	0.000000	0.000000	0.000000	0.000000	0.000000	0.000000	0.000000	0.000000	0.000000	0.000000	0.000000	0.000000	0.000000
39	T	O	0.999986	0.000001	0.000002	0.000033	0.000000	0.000000	0.000000	0.000000	0.000000	0.000000	0.000000	0.000000	0.000000	0.000000	0.000000	0.000000	0.000000	0.000000
40	F	O	0.999992	0.000001	0.000001	0.000028	0.000000	0.000000	0.000000	0.000000	0.000000	0.000000	0.000000	0.000000	0.000000	0.000000	0.000000	0.000000	0.000000	0.000000
41	G	O	0.999999	0.000001	0.000001	0.000024	0.000000	0.000000	0.000000	0.000000	0.000000	0.000000	0.000000	0.000000	0.000000	0.000000	0.000000	0.000000	0.000000	0.000000
42	A	O	1.000004	0.000001	0.000001	0.000020	0.000000	0.000000	0.000000	0.000000	0.000000	0.000000	0.000000	0.000000	0.000000	0.000000	0.000000	0.000000	0.000000	0.000000
43	V	O	1.000013	0.000000	0.000001	0.000017	0.000000	0.000000	0.000000	0.000000	0.000000	0.000000	0.000000	0.000000	0.000000	0.000000	0.000000	0.000000	0.000000	0.000000
44	A	O	1.000015	0.000000	0.000001	0.000014	0.000000	0.000000	0.000000	0.000000	0.000000	0.000000	0.000000	0.000000	0.000000	0.000000	0.000000	0.000000	0.000000	0.000000
45	I	O	1.000017	0.000000	0.000001	0.000012	0.000000	0.000000	0.000000	0.000000	0.000000	0.000000	0.000000	0.000000	0.000000	0.000000	0.000000	0.000000	0.000000	0.000000
46	A	O	1.000015	0.000000	0.000000	0.000010	0.000000	0.000000	0.000000	0.000000	0.000000	0.000000	0.000000	0.000000	0.000000	0.000000	0.000000	0.000000	0.000000	0.000000
47	P	O	1.000015	0.000000	0.000000	0.000008	0.000000	0.000000	0.000000	0.000000	0.000000	0.000000	0.000000	0.000000	0.000000	0.000000	0.000000	0.000000	0.000000	0.000000
48	G	O	1.000015	0.000000	0.000000	0.000006	0.000000	0.000000	0.000000	0.000000	0.000000	0.000000	0.000000	0.000000	0.000000	0.000000	0.000000	0.000000	0.000000	0.000000
49	Y	O	1.000018	0.000000	0.000000	0.000005	0.000000	0.000000	0.000000	0.000000	0.000000	0.000000	0.000000	0.000000	0.000000	0.000000	0.000000	0.000000	0.000000	0.000000
50	T	O	1.000020	0.000000	0.000000	0.000004	0.000000	0.000000	0.000000	0.000000	0.000000	0.000000	0.000000	0.000000	0.000000	0.000000	0.000000	0.000000	0.000000	0.000000
51	A	O	1.000021	0.000000	0.000000	0.000004	0.000000	0.000000	0.000000	0.000001	0.000000	0.000000	0.000000	0.000000	0.000000	0.000000	0.000000	0.000001	0.000000	0.000000
52	D	O	1.000019	0.000000	0.000000	0.000003	0.000000	0.000000	0.000000	0.000001	0.000000	0.000000	0.000001	0.000000	0.000000	0.000000	0.000000	0.000001	0.000000	0.000000
53	Q	O	1.000017	0.000000	0.000000	0.000003	0.000000	0.000000	0.000000	0.000001	0.000000	0.000000	0.000001	0.000000	0.000000	0.000000	0.000000	0.000001	0.000000	0.000000
54	S	O	1.000016	0.000000	0.000000	0.000002	0.000000	0.000000	0.000000	0.000001	0.000000	0.000001	0.000001	0.000000	0.000000	0.000000	0.000000	0.000001	0.000000	0.000000
55	S	O	1.000014	0.000000	0.000000	0.000002	0.000000	0.000000	0.000000	0.000002	0.000000	0.000001	0.000001	0.000000	0.000000	0.000000	0.000000	0.000002	0.000000	0.000001
56	M	O	1.000007	0.000000	0.000000	0.000001	0.000001	0.000001	0.000000	0.000002	0.000000	0.000001	0.000001	0.000000	0.000000	0.000000	0.000000	0.000002	0.000001	0.000001
57	S	O	1.000004	0.000000	0.000000	0.000001	0.000001	0.000001	0.000000	0.000003	0.000000	0.000002	0.000002	0.000000	0.000000	0.000000	0.000000	0.000002	0.000001	0.000001
58	W	O	1.000001	0.000000	0.000000	0.000001	0.000001	0.000001	0.000000	0.000004	0.000001	0.000002	0.000003	0.000000	0.000000	0.000000	0.000000	0.000003	0.000001	0.000001
59	Y	O	1.000003	0.000000	0.000000	0.000001	0.000001	0.000001	0.000000	0.000005	0.000001	0.000003	0.000003	0.000000	0.000000	0.000000	0.000000	0.000003	0.000001	0.000001
60	G	O	0.999997	0.000000	0.000000	0.000001	0.000001	0.000001	0.000001	0.000006	0.000001	0.000005	0.000005	0.000000	0.000000	0.000000	0.000000	0.000004	0.000001	0.000002
61	P	O	0.999990	0.000000	0.000000	0.000000	0.000001	0.000002	0.000001	0.000007	0.000001	0.000006	0.000007	0.000000	0.000000	0.000000	0.000000	0.000006	0.000002	0.000002
62	R	O	0.999980	0.000000	0.000000	0.000000	0.000002	0.000002	0.000001	0.000008	0.000001	0.000007	0.000010	0.000000	0.000000	0.000001	0.000001	0.000007	0.000002	0.000002
63	L	O	0.999970	0.000000	0.000000	0.000000	0.000001	0.000003	0.000001	0.000009	0.000001	0.000009	0.000012	0.000000	0.000000	0.000001	0.000001	0.000008	0.000003	0.000003
64	A	O	0.999959	0.000000	0.000000	0.000000	0.000001	0.000003	0.000001	0.000010	0.000001	0.000011	0.000017	0.000000	0.000000	0.000001	0.000001	0.000009	0.000004	0.000004
65	S	O	0.999955	0.000000	0.000000	0.000000	0.000001	0.000004	0.000001	0.000009	0.000001	0.000014	0.000021	0.000000	0.000000	0.000001	0.000002	0.000009	0.000005	0.000005
66	Q	O	0.999947	0.000000	0.000000	0.000000	0.000000	0.000004	0.000002	0.000007	0.000001	0.000015	0.000026	0.000000	0.000000	0.000002	0.000002	0.000007	0.000007	0.000006
67	G	O	0.999933	0.000000	0.000000	0.000000	0.000000	0.000003	0.000002	0.000004	0.000000	0.000015	0.000031	0.000000	0.000000	0.000002	0.000003	0.000004	0.000008	0.000008
68	F	O	0.999947	0.000000	0.000000	0.000000	0.000000	0.000002	0.000003	0.000000	0.000000	0.000012	0.000031	0.000000	0.000000	0.000001	0.000004	0.000000	0.000007	0.000010
69	V	O	0.999956	0.000000	0.000000	0.000000	0.000000	0.000000	0.000004	0.000000	0.000000	0.000000	0.000033	0.000000	0.000000	0.000000	0.000006	0.000000	0.000000	0.000012
70	I	O	0.999997	0.000000	0.000000	0.000000	0.000000	0.000000	0.000000	0.000000	0.000000	0.000000	0.000000	0.000000	0.000000	0.000000	0.000000	0.000000	0.000000	0.000000
