# Name=tournament_wt_199
# pos	aa	label	Other	Sec/SPI n	Sec/SPI h	Sec/SPI c	Sec/SPII n	Sec/SPII h	Sec/SPII cys	Tat/SPI n	Tat/SPI RR	Tat/SPI h	Tat/SPI c	Tat/SPII n	Tat/SPII RR	Tat/SPII h	Tat/SPII cys	Sec/SPIII P	Sec/SPIII cons.	Sec/SPIII h
1	A	O	0.997160	0.002620	0.000000	0.000000	0.000184	0.000000	0.000000	0.000002	0.000000	0.000000	0.000000	0.000000	0.000000	0.000000	0.000000	0.000054	0.000000	0.000000
2	S	O	0.997158	0.001920	0.000700	0.000000	0.000127	0.000057	0.000000	0.000001	0.000000	0.000001	0.000000	0.000000	0.000000	0.000000	0.000000	0.000044	0.000010	0.000000
3	V	O	0.997164	0.001439	0.000988	0.000194	0.000086	0.000097	0.000000	0.000001	0.000000	0.000001	0.000000	0.000000	0.000000	0.000000	0.000000	0.000035	0.000012	0.000007
4	T	O	0.997185	0.001157	0.000939	0.000507	0.000060	0.000112	0.000012	0.000000	0.000000	0.000001	0.000001	0.000000	0.000000	0.000000	0.000000	0.000029	0.000010	0.000010
5	A	O	0.997268	0.000957	0.000830	0.000758	0.000043	0.000105	0.000024	0.000000	0.000000	0.000000	0.000001	0.000000	0.000000	0.000000	0.000000	0.000023	0.000008	0.000009
6	E	O	0.997421	0.000796	0.000755	0.000871	0.000031	0.000088	0.000029	0.000000	0.000000	0.000000	0.000001	0.000000	0.000000	0.000000	0.000000	0.000018	0.000007	0.000007
7	R	O	0.997604	0.000653	0.000699	0.000922	0.000023	0.000067	0.000029	0.000000	0.000000	0.000000	0.000001	0.000000	0.000000	0.000000	0.000000	0.000014	0.000006	0.000007
8	G	O	0.997823	0.000526	0.000665	0.000900	0.000016	0.000052	0.000022	0.000000	0.000000	0.000000	0.000000	0.000000	0.000000	0.000000	0.000000	0.000011	0.000005	0.000006
9	P	O	0.998051	0.000415	0.000638	0.000840	0.000012	0.000040	0.000016	0.000000	0.000000	0.000000	0.000000	0.000000	0.000000	0.000000	0.000000	0.000008	0.000004	0.000005
10	F	O	0.998234	0.000321	0.000600	0.000804	0.000008	0.000032	0.000012	0.000000	0.000000	0.000000	0.000000	0.000000	0.000000	0.000000	0.000000	0.000006	0.000003	0.000004
11	T	O	0.998406	0.000250	0.000538	0.000785	0.000006	0.000026	0.000009	0.000000	0.000000	0.000000	0.000000	0.000000	0.000000	0.000000	0.000000	0.000005	0.000002	0.000003
12	I	O	0.998580	0.000191	0.000482	0.000743	0.000004	0.000020	0.000008	0.000000	0.000000	0.000000	0.000000	0.000000	0.000000	0.000000	0.000000	0.000003	0.000002	0.000002
13	A	O	0.998735	0.000148	0.000417	0.000700	0.000003	0.000015	0.000006	0.000000	0.000000	0.000000	0.000000	0.000000	0.000000	0.000000	0.000000	0.000003	0.000001	0.000002
14	T	O	0.998899	0.000112	0.000366	0.000631	0.000002	0.000011	0.000005	0.000000	0.000000	0.000000	0.000000	0.000000	0.000000	0.000000	0.000000	0.000002	0.000001	0.000001
15	E	O	0.999005	0.000084	0.000301	0.000617	0.000001	0.000009	0.000003	0.000000	0.000000	0.000000	0.000000	0.000000	0.000000	0.000000	0.000000	0.000002	0.000001	0.000001
16	R	O	0.999099	0.000062	0.000237	0.000617	0.000001	0.000006	0.000003	0.000000	0.000000	0.000000	0.000000	0.000000	0.000000	0.000000	0.000000	0.000001	0.000001	0.000001
17	V	O	0.999196	0.000045	0.000179	0.000605	0.000001	0.000005	0.000002	0.000000	0.000000	0.000000	0.000000	0.000000	0.000000	0.000000	0.000000	0.000001	0.000000	0.000001
18	G	O	0.999273	0.000034	0.000119	0.000599	0.000000	0.000004	0.000001	0.000000	0.000000	0.000000	0.000000	0.000000	0.000000	0.000000	0.000000	0.000001	0.000000	0.000000
19	P	O	0.999360	0.000026	0.000077	0.000559	0.000000	0.000003	0.000001	0.000000	0.000000	0.000000	0.000000	0.000000	0.000000	0.000000	0.000000	0.000001	0.000000	0.000000
20	G	O	0.999462	0.000021	0.000050	0.000498	0.000000	0.000002	0.000001	0.000000	0.000000	0.000000	0.000000	0.000000	0.000000	0.000000	0.000000	0.000000	0.000000	0.000000
21	Q	O	0.999566	0.000017	0.000033	0.000414	0.000000	0.000001	0.000001	0.000000	0.000000	0.000000	0.000000	0.000000	0.000000	0.000000	0.000000	0.000000	0.000000	0.000000
22	G	O	0.999659	0.000014	0.000021	0.000335	0.000000	0.000001	0.000000	0.000000	0.000000	0.000000	0.000000	0.000000	0.000000	0.000000	0.000000	0.000000	0.000000	0.000000
23	F	O	0.999757	0.000012	0.000015	0.000244	0.000000	0.000000	0.000000	0.000000	0.000000	0.000000	0.000000	0.000000	0.000000	0.000000	0.000000	0.000000	0.000000	0.000000
24	G	O	0.999828	0.000011	0.000011	0.000178	0.000000	0.000000	0.000000	0.000000	0.000000	0.000000	0.000000	0.000000	0.000000	0.000000	0.000000	0.000000	0.000000	0.000000
25	G	O	0.999905	0.000009	0.000009	0.000110	0.000000	0.000000	0.000000	0.000000	0.000000	0.000000	0.000000	0.000000	0.000000	0.000000	0.000000	0.000000	0.000000	0.000000
26	G	O	0.999947	0.000008	0.000008	0.000066	0.000000	0.000000	0.000000	0.000000	0.000000	0.000000	0.000000	0.000000	0.000000	0.000000	0.000000	0.000000	0.000000	0.000000
27	T	O	0.999977	0.000007	0.000007	0.000040	0.000000	0.000000	0.000000	0.000000	0.000000	0.000000	0.000000	0.000000	0.000000	0.000000	0.000000	0.000000	0.000000	0.000000
28	I	O	0.999989	0.000006	0.000007	0.000027	0.000000	0.000000	0.000000	0.000000	0.000000	0.000000	0.000000	0.000000	0.000000	0.000000	0.000000	0.000000	0.000000	0.000000
29	S	O	0.999997	0.000005	0.000006	0.000021	0.000000	0.000000	0.000000	0.000000	0.000000	0.000000	0.000000	0.000000	0.000000	0.000000	0.000000	0.000000	0.000000	0.000000
30	F	O	1.000004	0.000004	0.000006	0.000017	0.000000	0.000000	0.000000	0.000000	0.000000	0.000000	0.000000	0.000000	0.000000	0.000000	0.000000	0.000000	0.000000	0.000000
31	P	O	1.000006	0.000004	0.000005	0.000015	0.000000	0.000000	0.000000	0.000000	0.000000	0.000000	0.000000	0.000000	0.000000	0.000000	0.000000	0.000000	0.000000	0.000000
32	T	O	1.000012	0.000003	0.000005	0.000014	0.000000	0.000000	0.000000	0.000000	0.000000	0.000000	0.000000	0.000000	0.000000	0.000000	0.000000	0.000000	0.000000	0.000000
33	D	O	1.000004	0.000002	0.000004	0.000014	0.000000	0.000000	0.000000	0.000000	0.000000	0.000000	0.000000	0.000000	0.000000	0.000000	0.000000	0.000000	0.000000	0.000000
34	T	O	1.000011	0.000002	0.000003	0.000014	0.000000	0.000000	0.000000	0.000000	0.000000	0.000000	0.000000	0.000000	0.000000	0.000000	0.000000	0.000000	0.000000	0.000000
35	S	O	1.000011	0.000002	0.000002	0.000014	0.000000	0.000000	0.000000	0.000000	0.000000	0.000000	0.000000	0.000000	0.000000	0.000000	0.000000	0.000000	0.000000	0.000000
36	Q	O	1.000014	0.000001	0.000002	0.000014	0.000000	0.000000	0.000000	0.000000	0.000000	0.000000	0.000000	0.000000	0.000000	0.000000	0.000000	0.000000	0.000000	0.000000
37	G	O	1.000016	0.000001	0.000001	0.000013	0.000000	0.000000	0.000000	0.000000	0.000000	0.000000	0.000000	0.000000	0.000000	0.000000	0.000000	0.000000	0.000000	0.000000
38	T	O	1.000022	0.000001	0.000001	0.000012	0.000000	0.000000	0.000000	0.000000	0.000000	0.000000	0.000000	0.000000	0.000000	0.000000	0.000000	0.000000	0.000000	0.000000
39	F	O	1.000022	0.000001	0.000001	0.000011	0.000000	0.000000	0.000000	0.000000	0.000000	0.000000	0.000000	0.000000	0.000000	0.000000	0.000000	0.000000	0.000000	0.000000
40	G	O	1.000021	0.000001	0.000001	0.000010	0.000000	0.000000	0.000000	0.000000	0.000000	0.000000	0.000000	0.000000	0.000000	0.000000	0.000000	0.000000	0.000000	0.000000
41	A	O	1.000019	0.000001	0.000001	0.000009	0.000000	0.000000	0.000000	0.000000	0.000000	0.000000	0.000000	0.000000	0.000000	0.000000	0.000000	0.000000	0.000000	0.000000
42	V	O	1.000018	0.000001	0.000001	0.000008	0.000000	0.000000	0.000000	0.000000	0.000000	0.000000	0.000000	0.000000	0.000000	0.000000	0.000000	0.000000	0.000000	0.000000
43	A	O	1.000027	0.000000	0.000001	0.000007	0.000000	0.000000	0.000000	0.000000	0.000000	0.000000	0.000000	0.000000	0.000000	0.000000	0.000000	0.000000	0.000000	0.000000
44	V	O	1.000026	0.000000	0.000000	0.000006	0.000000	0.000000	0.000000	0.000000	0.000000	0.000000	0.000000	0.000000	0.000000	0.000000	0.000000	0.000000	0.000000	0.000000
45	A	O	1.000029	0.000000	0.000000	0.000006	0.000000	0.000000	0.000000	0.000000	0.000000	0.000000	0.000000	0.000000	0.000000	0.000000	0.000000	0.000000	0.000000	0.000000
46	P	O	1.000032	0.000000	0.000000	0.000005	0.000000	0.000000	0.000000	0.000000	0.000000	0.000000	0.000000	0.000000	0.000000	0.000000	0.000000	0.000000	0.000000	0.000000
47	G	O	1.000024	0.000000	0.000000	0.000004	0.000000	0.000000	0.000000	0.000000	0.000000	0.000000	0.000000	0.000000	0.000000	0.000000	0.000000	0.000000	0.000000	0.000000
48	F	O	1.000026	0.000000	0.000000	0.000004	0.000000	0.000000	0.000000	0.000000	0.000000	0.000000	0.000000	0.000000	0.000000	0.000000	0.000000	0.000000	0.000000	0.000000
49	L	O	1.000029	0.000000	0.000000	0.000003	0.000000	0.000000	0.000000	0.000000	0.000000	0.000000	0.000000	0.000000	0.000000	0.000000	0.000000	0.000000	0.000000	0.000000
50	E	O	1.000025	0.000000	0.000000	0.000003	0.000000	0.000000	0.000000	0.000000	0.000000	0.000000	0.000000	0.000000	0.000000	0.000000	0.000000	0.000001	0.000000	0.000000
51	S	O	1.000022	0.000000	0.000000	0.000003	0.000000	0.000000	0.000000	0.000001	0.000000	0.000000	0.000000	0.000000	0.000000	0.000000	0.000000	0.000001	0.000000	0.000000
52	E	O	1.000025	0.000000	0.000000	0.000002	0.000000	0.000000	0.000000	0.000001	0.000000	0.000000	0.000000	0.000000	0.000000	0.000000	0.000000	0.000001	0.000000	0.000000
53	A	O	1.000024	0.000000	0.000000	0.000002	0.000000	0.000000	0.000000	0.000001	0.000000	0.000000	0.000001	0.000000	0.000000	0.000000	0.000000	0.000001	0.000000	0.000000
54	A	O	1.000024	0.000000	0.000000	0.000002	0.000000	0.000000	0.000000	0.000001	0.000000	0.000001	0.000001	0.000000	0.000000	0.000000	0.000000	0.000001	0.000000	0.000000
55	I	O	1.000024	0.000000	0.000000	0.000002	0.000000	0.000000	0.000000	0.000002	0.000000	0.000001	0.000001	0.000000	0.000000	0.000000	0.000000	0.000001	0.000000	0.000000
56	A	O	1.000027	0.000000	0.000000	0.000002	0.000000	0.000000	0.000000	0.000002	0.000000	0.000001	0.000001	0.000000	0.000000	0.000000	0.000000	0.000002	0.000000	0.000000
57	W	O	1.000023	0.000000	0.000000	0.000001	0.000001	0.000001	0.000000	0.000002	0.000000	0.000001	0.000002	0.000000	0.000000	0.000000	0.000000	0.000002	0.000001	0.000001
58	Y	O	1.000014	0.000000	0.000000	0.000001	0.000001	0.000001	0.000000	0.000003	0.000000	0.000002	0.000002	0.000000	0.000000	0.000000	0.000000	0.000002	0.000001	0.000001
59	G	O	1.000015	0.000000	0.000000	0.000001	0.000001	0.000001	0.000000	0.000004	0.000000	0.000002	0.000003	0.000000	0.000000	0.000000	0.000000	0.000003	0.000001	0.000001
60	P	O	1.000014	0.000000	0.000000	0.000001	0.000001	0.000001	0.000000	0.000004	0.000001	0.000003	0.000004	0.000000	0.000000	0.000000	0.000000	0.000004	0.000001	0.000001
61	R	O	1.000006	0.000000	0.000000	0.000001	0.000001	0.000001	0.000000	0.000005	0.000001	0.000003	0.000005	0.000000	0.000000	0.000000	0.000000	0.000005	0.000001	0.000001
62	L	O	0.999995	0.000000	0.000000	0.000001	0.000001	0.000001	0.000000	0.000007	0.000001	0.000004	0.000007	0.000000	0.000000	0.000000	0.000000	0.000006	0.000001	0.000001
63	A	O	0.999989	0.000000	0.000000	0.000000	0.000001	0.000002	0.000000	0.000008	0.000001	0.000006	0.000009	0.000000	0.000000	0.000001	0.000001	0.000007	0.000002	0.000002
64	S	O	0.999982	0.000000	0.000000	0.000000	0.000001	0.000002	0.000001	0.000008	0.000001	0.000007	0.000011	0.000000	0.000000	0.000001	0.000001	0.000008	0.000003	0.000002
65	Q	O	0.999973	0.000000	0.000000	0.000000	0.000001	0.000003	0.000001	0.000007	0.000001	0.000009	0.000013	0.000000	0.000000	0.000001	0.000001	0.000008	0.000004	0.000003
66	G	O	0.999971	0.000000	0.000000	0.000000	0.000000	0.000003	0.000001	0.000006	0.000000	0.000011	0.000015	0.000000	0.000000	0.000001	0.000001	0.000006	0.000006	0.000004
67	F	O	0.999959	0.000000	0.000000	0.000000	0.000000	0.000003	0.000001	0.000003	0.000000	0.000014	0.000016	0.000000	0.000000	0.000001	0.000002	0.000003	0.000007	0.000006
68	V	O	0.999964	0.000000	0.000000	0.000000	0.000000	0.000002	0.000002	0.000000	0.000000	0.000010	0.000021	0.000000	0.000000	0.000001	0.000002	0.000000	0.000005	0.000008
69	V	O	0.999974	0.000000	0.000000	0.000000	0.000000	0.000000	0.000003	0.000000	0.000000	0.000000	0.000022	0.000000	0.000000	0.000000	0.000004	0.000000	0.000000	0.000008
70	I	O	1.000003	0.000000	0.000000	0.000000	0.000000	0.000000	0.000000	0.000000	0.000000	0.000000	0.000000	0.000000	0.000000	0.000000	0.000000	0.000000	0.000000	0.000000
