# Name=tournament_wt_210
# pos	aa	label	Other	Sec/SPI n	Sec/SPI h	Sec/SPI c	Sec/SPII n	Sec/SPII h	Sec/SPII cys	Tat/SPI n	Tat/SPI RR	Tat/SPI h	Tat/SPI c	Tat/SPII n	Tat/SPII RR	Tat/SPII h	Tat/SPII cys	Sec/SPIII P	Sec/SPIII cons.	Sec/SPIII h
1	S	O	0.999119	0.000854	0.000000	0.000000	0.000013	0.000000	0.000000	0.000000	0.000000	0.000000	0.000000	0.000000	0.000000	0.000000	0.000000	0.000003	0.000000	0.000000
2	V	O	0.999119	0.000526	0.000328	0.000000	0.000008	0.000005	0.000000	0.000000	0.000000	0.000000	0.000000	0.000000	0.000000	0.000000	0.000000	0.000002	0.000001	0.000000
3	T	O	0.999120	0.000355	0.000364	0.000136	0.000005	0.000008	0.000000	0.000000	0.000000	0.000000	0.000000	0.000000	0.000000	0.000000	0.000000	0.000001	0.000001	0.000001
4	A	O	0.999162	0.000239	0.000329	0.000242	0.000003	0.000008	0.000002	0.000000	0.000000	0.000000	0.000000	0.000000	0.000000	0.000000	0.000000	0.000001	0.000001	0.000001
5	V	O	0.999245	0.000163	0.000270	0.000297	0.000002	0.000007	0.000002	0.000000	0.000000	0.000000	0.000000	0.000000	0.000000	0.000000	0.000000	0.000001	0.000000	0.000000
6	N	O	0.999341	0.000116	0.000193	0.000329	0.000001	0.000006	0.000002	0.000000	0.000000	0.000000	0.000000	0.000000	0.000000	0.000000	0.000000	0.000000	0.000000	0.000000
7	G	O	0.999442	0.000082	0.000138	0.000318	0.000001	0.000004	0.000002	0.000000	0.000000	0.000000	0.000000	0.000000	0.000000	0.000000	0.000000	0.000000	0.000000	0.000000
8	P	O	0.999554	0.000058	0.000104	0.000268	0.000001	0.000003	0.000002	0.000000	0.000000	0.000000	0.000000	0.000000	0.000000	0.000000	0.000000	0.000000	0.000000	0.000000
9	F	O	0.999642	0.000040	0.000077	0.000228	0.000000	0.000002	0.000001	0.000000	0.000000	0.000000	0.000000	0.000000	0.000000	0.000000	0.000000	0.000000	0.000000	0.000000
10	A	O	0.999717	0.000029	0.000053	0.000189	0.000000	0.000001	0.000001	0.000000	0.000000	0.000000	0.000000	0.000000	0.000000	0.000000	0.000000	0.000000	0.000000	0.000000
11	N	O	0.999778	0.000021	0.000036	0.000152	0.000000	0.000001	0.000001	0.000000	0.000000	0.000000	0.000000	0.000000	0.000000	0.000000	0.000000	0.000000	0.000000	0.000000
12	T	O	0.999836	0.000016	0.000026	0.000114	0.000000	0.000001	0.000000	0.000000	0.000000	0.000000	0.000000	0.000000	0.000000	0.000000	0.000000	0.000000	0.000000	0.000000
13	S	O	0.999879	0.000011	0.000020	0.000083	0.000000	0.000000	0.000000	0.000000	0.000000	0.000000	0.000000	0.000000	0.000000	0.000000	0.000000	0.000000	0.000000	0.000000
14	V	O	0.999911	0.000008	0.000016	0.000059	0.000000	0.000000	0.000000	0.000000	0.000000	0.000000	0.000000	0.000000	0.000000	0.000000	0.000000	0.000000	0.000000	0.000000
15	S	O	0.999931	0.000006	0.000012	0.000044	0.000000	0.000000	0.000000	0.000000	0.000000	0.000000	0.000000	0.000000	0.000000	0.000000	0.000000	0.000000	0.000000	0.000000
16	V	O	0.999950	0.000004	0.000009	0.000033	0.000000	0.000000	0.000000	0.000000	0.000000	0.000000	0.000000	0.000000	0.000000	0.000000	0.000000	0.000000	0.000000	0.000000
17	P	O	0.999959	0.000003	0.000006	0.000026	0.000000	0.000000	0.000000	0.000000	0.000000	0.000000	0.000000	0.000000	0.000000	0.000000	0.000000	0.000000	0.000000	0.000000
18	T	O	0.999965	0.000003	0.000004	0.000020	0.000000	0.000000	0.000000	0.000000	0.000000	0.000000	0.000000	0.000000	0.000000	0.000000	0.000000	0.000000	0.000000	0.000000
19	G	O	0.999975	0.000002	0.000003	0.000015	0.000000	0.000000	0.000000	0.000000	0.000000	0.000000	0.000000	0.000000	0.000000	0.000000	0.000000	0.000000	0.000000	0.000000
20	H	O	0.999978	0.000002	0.000002	0.000011	0.000000	0.000000	0.000000	0.000000	0.000000	0.000000	0.000000	0.000000	0.000000	0.000000	0.000000	0.000000	0.000000	0.000000
21	G	O	0.999985	0.000001	0.000002	0.000007	0.000000	0.000000	0.000000	0.000000	0.000000	0.000000	0.000000	0.000000	0.000000	0.000000	0.000000	0.000000	0.000000	0.000000
22	F	O	0.999989	0.000001	0.000001	0.000005	0.000000	0.000000	0.000000	0.000000	0.000000	0.000000	0.000000	0.000000	0.000000	0.000000	0.000000	0.000000	0.000000	0.000000
23	N	O	0.999988	0.000001	0.000001	0.000004	0.000000	0.000000	0.000000	0.000000	0.000000	0.000000	0.000000	0.000000	0.000000	0.000000	0.000000	0.000000	0.000000	0.000000
24	G	O	0.999993	0.000001	0.000001	0.000003	0.000000	0.000000	0.000000	0.000000	0.000000	0.000000	0.000000	0.000000	0.000000	0.000000	0.000000	0.000000	0.000000	0.000000
25	G	O	0.999992	0.000001	0.000001	0.000002	0.000000	0.000000	0.000000	0.000000	0.000000	0.000000	0.000000	0.000000	0.000000	0.000000	0.000000	0.000000	0.000000	0.000000
26	R	O	0.999990	0.000001	0.000001	0.000001	0.000000	0.000000	0.000000	0.000000	0.000000	0.000000	0.000000	0.000000	0.000000	0.000000	0.000000	0.000000	0.000000	0.000000
27	I	O	0.999990	0.000001	0.000000	0.000001	0.000000	0.000000	0.000000	0.000000	0.000000	0.000000	0.000000	0.000000	0.000000	0.000000	0.000000	0.000000	0.000000	0.000000
28	Y	O	0.999991	0.000001	0.000000	0.000001	0.000000	0.000000	0.000000	0.000000	0.000000	0.000000	0.000000	0.000000	0.000000	0.000000	0.000000	0.000000	0.000000	0.000000
29	Y	O	0.999991	0.000000	0.000000	0.000001	0.000000	0.000000	0.000000	0.000000	0.000000	0.000000	0.000000	0.000000	0.000000	0.000000	0.000000	0.000000	0.000000	0.000000
30	P	O	0.999992	0.000000	0.000000	0.000001	0.000000	0.000000	0.000000	0.000000	0.000000	0.000000	0.000000	0.000000	0.000000	0.000000	0.000000	0.000000	0.000000	0.000000
31	T	O	0.999991	0.000000	0.000000	0.000001	0.000000	0.000000	0.000000	0.000000	0.000000	0.000000	0.000000	0.000000	0.000000	0.000000	0.000000	0.000000	0.000000	0.000000
32	D	O	0.999992	0.000000	0.000000	0.000001	0.000000	0.000000	0.000000	0.000000	0.000000	0.000000	0.000000	0.000000	0.000000	0.000000	0.000000	0.000000	0.000000	0.000000
33	T	O	0.999993	0.000000	0.000000	0.000001	0.000000	0.000000	0.000000	0.000000	0.000000	0.000000	0.000000	0.000000	0.000000	0.000000	0.000000	0.000000	0.000000	0.000000
34	S	O	0.999992	0.000000	0.000000	0.000001	0.000000	0.000000	0.000000	0.000000	0.000000	0.000000	0.000000	0.000000	0.000000	0.000000	0.000000	0.000000	0.000000	0.000000
35	Q	O	0.999993	0.000000	0.000000	0.000001	0.000000	0.000000	0.000000	0.000000	0.000000	0.000000	0.000000	0.000000	0.000000	0.000000	0.000000	0.000000	0.000000	0.000000
36	G	O	0.999988	0.000000	0.000000	0.000001	0.000000	0.000000	0.000000	0.000000	0.000000	0.000000	0.000000	0.000000	0.000000	0.000000	0.000000	0.000000	0.000000	0.000000
37	T	O	0.999987	0.000000	0.000000	0.000001	0.000000	0.000000	0.000000	0.000000	0.000000	0.000000	0.000000	0.000000	0.000000	0.000000	0.000000	0.000000	0.000000	0.000000
38	F	O	0.999987	0.000000	0.000000	0.000001	0.000000	0.000000	0.000000	0.000000	0.000000	0.000000	0.000000	0.000000	0.000000	0.000000	0.000000	0.000000	0.000000	0.000000
39	G	O	0.999987	0.000000	0.000000	0.000001	0.000000	0.000000	0.000000	0.000000	0.000000	0.000000	0.000000	0.000000	0.000000	0.000000	0.000000	0.000000	0.000000	0.000000
40	A	O	0.999988	0.000000	0.000000	0.000000	0.000000	0.000000	0.000000	0.000000	0.000000	0.000000	0.000000	0.000000	0.000000	0.000000	0.000000	0.000000	0.000000	0.000000
41	I	O	0.999986	0.000000	0.000000	0.000000	0.000000	0.000000	0.000000	0.000000	0.000000	0.000000	0.000000	0.000000	0.000000	0.000000	0.000000	0.000000	0.000000	0.000000
42	A	O	0.999985	0.000000	0.000000	0.000000	0.000000	0.000000	0.000000	0.000000	0.000000	0.000000	0.000000	0.000000	0.000000	0.000000	0.000000	0.000000	0.000000	0.000000
43	I	O	0.999985	0.000000	0.000000	0.000000	0.000000	0.000000	0.000000	0.000000	0.000000	0.000000	0.000000	0.000000	0.000000	0.000000	0.000000	0.000000	0.000000	0.000000
44	S	O	0.999983	0.000000	0.000000	0.000000	0.000000	0.000000	0.000000	0.000000	0.000000	0.000000	0.000000	0.000000	0.000000	0.000000	0.000000	0.000000	0.000000	0.000000
45	P	O	0.999985	0.000000	0.000000	0.000000	0.000000	0.000000	0.000000	0.000000	0.000000	0.000000	0.000000	0.000000	0.000000	0.000000	0.000000	0.000000	0.000000	0.000000
46	G	O	0.999982	0.000000	0.000000	0.000000	0.000000	0.000000	0.000000	0.000000	0.000000	0.000000	0.000000	0.000000	0.000000	0.000000	0.000000	0.000000	0.000000	0.000000
47	Y	O	0.999987	0.000000	0.000000	0.000000	0.000000	0.000000	0.000000	0.000001	0.000000	0.000000	0.000000	0.000000	0.000000	0.000000	0.000000	0.000000	0.000000	0.000000
48	T	O	0.999982	0.000000	0.000000	0.000000	0.000000	0.000000	0.000000	0.000001	0.000000	0.000000	0.000000	0.000000	0.000000	0.000000	0.000000	0.000000	0.000000	0.000000
49	A	O	0.999983	0.000000	0.000000	0.000000	0.000001	0.000000	0.000000	0.000001	0.000000	0.000000	0.000000	0.000000	0.000000	0.000000	0.000000	0.000000	0.000000	0.000000
50	L	O	0.999985	0.000000	0.000000	0.000000	0.000001	0.000001	0.000000	0.000002	0.000000	0.000000	0.000000	0.000000	0.000000	0.000000	0.000000	0.000001	0.000000	0.000000
51	F	O	0.999979	0.000000	0.000000	0.000000	0.000001	0.000001	0.000000	0.000002	0.000000	0.000000	0.000000	0.000000	0.000000	0.000000	0.000000	0.000001	0.000000	0.000000
52	S	O	0.999978	0.000000	0.000000	0.000000	0.000001	0.000001	0.000000	0.000003	0.000001	0.000001	0.000000	0.000000	0.000000	0.000000	0.000000	0.000001	0.000000	0.000000
53	A	O	0.999976	0.000000	0.000000	0.000000	0.000001	0.000001	0.000000	0.000004	0.000001	0.000001	0.000000	0.000000	0.000000	0.000000	0.000000	0.000001	0.000000	0.000000
54	E	O	0.999974	0.000000	0.000000	0.000000	0.000001	0.000002	0.000000	0.000005	0.000001	0.000001	0.000000	0.000000	0.000000	0.000000	0.000000	0.000001	0.000000	0.000000
55	L	O	0.999972	0.000000	0.000000	0.000000	0.000001	0.000002	0.000000	0.000006	0.000001	0.000002	0.000000	0.000000	0.000000	0.000000	0.000000	0.000001	0.000001	0.000000
56	A	O	0.999967	0.000000	0.000000	0.000000	0.000001	0.000003	0.000000	0.000007	0.000001	0.000003	0.000000	0.000001	0.000000	0.000001	0.000000	0.000002	0.000001	0.000000
57	W	O	0.999965	0.000000	0.000000	0.000000	0.000001	0.000003	0.000000	0.000008	0.000001	0.000005	0.000000	0.000000	0.000000	0.000001	0.000000	0.000001	0.000001	0.000001
58	M	O	0.999961	0.000000	0.000000	0.000000	0.000001	0.000004	0.000001	0.000008	0.000002	0.000006	0.000001	0.000001	0.000000	0.000001	0.000000	0.000001	0.000002	0.000001
59	G	O	0.999958	0.000000	0.000000	0.000000	0.000001	0.000004	0.000001	0.000008	0.000002	0.000008	0.000001	0.000000	0.000000	0.000001	0.000000	0.000002	0.000002	0.000001
60	P	O	0.999951	0.000000	0.000000	0.000000	0.000002	0.000005	0.000001	0.000008	0.000002	0.000010	0.000002	0.000000	0.000000	0.000001	0.000000	0.000002	0.000002	0.000001
61	W	O	0.999953	0.000000	0.000000	0.000000	0.000001	0.000005	0.000001	0.000009	0.000001	0.000012	0.000003	0.000000	0.000000	0.000002	0.000000	0.000002	0.000002	0.000002
62	L	O	0.999948	0.000000	0.000000	0.000000	0.000001	0.000006	0.000001	0.000007	0.000001	0.000015	0.000004	0.000000	0.000000	0.000002	0.000000	0.000001	0.000003	0.000002
63	A	O	0.999946	0.000000	0.000000	0.000000	0.000001	0.000007	0.000001	0.000005	0.000001	0.000015	0.000007	0.000000	0.000000	0.000002	0.000001	0.000001	0.000003	0.000003
64	S	O	0.999950	0.000000	0.000000	0.000000	0.000001	0.000007	0.000002	0.000004	0.000000	0.000014	0.000011	0.000000	0.000000	0.000002	0.000001	0.000001	0.000002	0.000003
65	H	O	0.999953	0.000000	0.000000	0.000000	0.000000	0.000006	0.000002	0.000002	0.000000	0.000012	0.000014	0.000000	0.000000	0.000002	0.000001	0.000001	0.000002	0.000004
66	G	O	0.999960	0.000000	0.000000	0.000000	0.000000	0.000005	0.000001	0.000001	0.000000	0.000009	0.000016	0.000000	0.000000	0.000002	0.000001	0.000001	0.000002	0.000003
67	F	O	0.999960	0.000000	0.000000	0.000000	0.000000	0.000004	0.000002	0.000000	0.000000	0.000006	0.000015	0.000000	0.000000	0.000001	0.000001	0.000000	0.000001	0.000003
68	V	O	0.999972	0.000000	0.000000	0.000000	0.000000	0.000002	0.000002	0.000000	0.000000	0.000003	0.000013	0.000000	0.000000	0.000001	0.000001	0.000000	0.000001	0.000003
69	V	O	0.999984	0.000000	0.000000	0.000000	0.000000	0.000000	0.000003	0.000000	0.000000	0.000000	0.000009	0.000000	0.000000	0.000000	0.000002	0.000000	0.000000	0.000003
70	I	O	0.999998	0.000000	0.000000	0.000000	0.000000	0.000000	0.000000	0.000000	0.000000	0.000000	0.000000	0.000000	0.000000	0.000000	0.000000	0.000000	0.000000	0.000000
