# Name=tournament_wt_109
# pos	aa	label	Other	Sec/SPI n	Sec/SPI h	Sec/SPI c	Sec/SPII n	Sec/SPII h	Sec/SPII cys	Tat/SPI n	Tat/SPI RR	Tat/SPI h	Tat/SPI c	Tat/SPII n	Tat/SPII RR	Tat/SPII h	Tat/SPII cys	Sec/SPIII P	Sec/SPIII cons.	Sec/SPIII h
1	A	O	0.986225	0.013555	0.000000	0.000000	0.000204	0.000000	0.000000	0.000001	0.000000	0.000000	0.000000	0.000000	0.000000	0.000000	0.000000	0.000021	0.000000	0.000000
2	L	O	0.986226	0.009728	0.003827	0.000000	0.000147	0.000057	0.000000	0.000000	0.000000	0.000000	0.000000	0.000000	0.000000	0.000000	0.000000	0.000018	0.000004	0.000000
3	L	O	0.986239	0.007586	0.005232	0.000737	0.000109	0.000095	0.000000	0.000000	0.000000	0.000000	0.000000	0.000000	0.000000	0.000000	0.000000	0.000015	0.000004	0.000002
4	E	O	0.986245	0.006168	0.005319	0.002062	0.000083	0.000111	0.000011	0.000000	0.000000	0.000000	0.000000	0.000000	0.000000	0.000000	0.000000	0.000013	0.000003	0.000003
5	A	O	0.986283	0.004961	0.005158	0.003414	0.000063	0.000110	0.000020	0.000000	0.000000	0.000000	0.000000	0.000000	0.000000	0.000000	0.000000	0.000011	0.000003	0.000003
6	P	O	0.986335	0.004036	0.004613	0.004853	0.000049	0.000101	0.000024	0.000000	0.000000	0.000000	0.000000	0.000000	0.000000	0.000000	0.000000	0.000009	0.000002	0.000003
7	R	O	0.986410	0.003286	0.003997	0.006171	0.000037	0.000088	0.000025	0.000000	0.000000	0.000000	0.000000	0.000000	0.000000	0.000000	0.000000	0.000008	0.000002	0.000002
8	G	O	0.986512	0.002651	0.003441	0.007289	0.000027	0.000076	0.000021	0.000000	0.000000	0.000000	0.000000	0.000000	0.000000	0.000000	0.000000	0.000007	0.000002	0.000002
9	P	O	0.986650	0.002136	0.002995	0.008130	0.000020	0.000063	0.000020	0.000000	0.000000	0.000000	0.000000	0.000000	0.000000	0.000000	0.000000	0.000006	0.000002	0.000002
10	L	O	0.986849	0.001691	0.002675	0.008718	0.000014	0.000053	0.000017	0.000000	0.000000	0.000000	0.000000	0.000000	0.000000	0.000000	0.000000	0.000005	0.000001	0.000001
11	A	O	0.987101	0.001405	0.002170	0.009279	0.000010	0.000044	0.000012	0.000000	0.000000	0.000000	0.000000	0.000000	0.000000	0.000000	0.000000	0.000004	0.000001	0.000001
12	T	O	0.987537	0.001147	0.001932	0.009348	0.000008	0.000032	0.000014	0.000000	0.000000	0.000000	0.000000	0.000000	0.000000	0.000000	0.000000	0.000003	0.000001	0.000001
13	A	O	0.988205	0.000902	0.001826	0.009045	0.000006	0.000024	0.000010	0.000000	0.000000	0.000000	0.000000	0.000000	0.000000	0.000000	0.000000	0.000003	0.000001	0.000001
14	R	O	0.989008	0.000679	0.001761	0.008543	0.000004	0.000018	0.000008	0.000000	0.000000	0.000000	0.000000	0.000000	0.000000	0.000000	0.000000	0.000002	0.000001	0.000001
15	T	O	0.989602	0.000481	0.001633	0.008286	0.000003	0.000015	0.000004	0.000000	0.000000	0.000000	0.000000	0.000000	0.000000	0.000000	0.000000	0.000002	0.000001	0.000001
16	V	O	0.990064	0.000325	0.001419	0.008200	0.000002	0.000012	0.000004	0.000000	0.000000	0.000000	0.000000	0.000000	0.000000	0.000000	0.000000	0.000001	0.000001	0.000001
17	V	O	0.990519	0.000216	0.001143	0.008131	0.000001	0.000010	0.000003	0.000000	0.000000	0.000000	0.000000	0.000000	0.000000	0.000000	0.000000	0.000001	0.000001	0.000001
18	P	O	0.990991	0.000152	0.000797	0.008078	0.000001	0.000008	0.000003	0.000000	0.000000	0.000000	0.000000	0.000000	0.000000	0.000000	0.000000	0.000001	0.000000	0.000000
19	R	O	0.991553	0.000110	0.000534	0.007812	0.000001	0.000005	0.000003	0.000000	0.000000	0.000000	0.000000	0.000000	0.000000	0.000000	0.000000	0.000001	0.000000	0.000000
20	A	O	0.992218	0.000081	0.000340	0.007375	0.000000	0.000004	0.000002	0.000000	0.000000	0.000000	0.000000	0.000000	0.000000	0.000000	0.000000	0.000001	0.000000	0.000000
21	E	O	0.993022	0.000062	0.000209	0.006724	0.000000	0.000003	0.000001	0.000000	0.000000	0.000000	0.000000	0.000000	0.000000	0.000000	0.000000	0.000000	0.000000	0.000000
22	A	O	0.993970	0.000050	0.000122	0.005878	0.000000	0.000002	0.000001	0.000000	0.000000	0.000000	0.000000	0.000000	0.000000	0.000000	0.000000	0.000000	0.000000	0.000000
23	A	O	0.995547	0.000040	0.000089	0.004344	0.000000	0.000001	0.000001	0.000000	0.000000	0.000000	0.000000	0.000000	0.000000	0.000000	0.000000	0.000000	0.000000	0.000000
24	G	O	0.996710	0.000033	0.000065	0.003214	0.000000	0.000001	0.000000	0.000000	0.000000	0.000000	0.000000	0.000000	0.000000	0.000000	0.000000	0.000000	0.000000	0.000000
25	Y	O	0.997794	0.000027	0.000052	0.002145	0.000000	0.000000	0.000000	0.000000	0.000000	0.000000	0.000000	0.000000	0.000000	0.000000	0.000000	0.000000	0.000000	0.000000
26	G	O	0.998414	0.000023	0.000042	0.001540	0.000000	0.000000	0.000000	0.000000	0.000000	0.000000	0.000000	0.000000	0.000000	0.000000	0.000000	0.000000	0.000000	0.000000
27	G	O	0.998928	0.000019	0.000036	0.001035	0.000000	0.000000	0.000000	0.000000	0.000000	0.000000	0.000000	0.000000	0.000000	0.000000	0.000000	0.000000	0.000000	0.000000
28	G	O	0.999258	0.000015	0.000032	0.000712	0.000000	0.000000	0.000000	0.000000	0.000000	0.000000	0.000000	0.000000	0.000000	0.000000	0.000000	0.000000	0.000000	0.000000
29	T	O	0.999476	0.000012	0.000028	0.000504	0.000000	0.000000	0.000000	0.000000	0.000000	0.000000	0.000000	0.000000	0.000000	0.000000	0.000000	0.000000	0.000000	0.000000
30	I	O	0.999595	0.000009	0.000024	0.000391	0.000000	0.000000	0.000000	0.000000	0.000000	0.000000	0.000000	0.000000	0.000000	0.000000	0.000000	0.000000	0.000000	0.000000
31	Y	O	0.999684	0.000007	0.000020	0.000316	0.000000	0.000000	0.000000	0.000000	0.000000	0.000000	0.000000	0.000000	0.000000	0.000000	0.000000	0.000000	0.000000	0.000000
32	H	O	0.999745	0.000006	0.000015	0.000263	0.000000	0.000000	0.000000	0.000000	0.000000	0.000000	0.000000	0.000000	0.000000	0.000000	0.000000	0.000000	0.000000	0.000000
33	P	O	0.999791	0.000005	0.000012	0.000220	0.000000	0.000000	0.000000	0.000000	0.000000	0.000000	0.000000	0.000000	0.000000	0.000000	0.000000	0.000000	0.000000	0.000000
34	A	O	0.999830	0.000004	0.000009	0.000185	0.000000	0.000000	0.000000	0.000000	0.000000	0.000000	0.000000	0.000000	0.000000	0.000000	0.000000	0.000000	0.000000	0.000000
35	E	O	0.999856	0.000003	0.000007	0.000160	0.000000	0.000000	0.000000	0.000000	0.000000	0.000000	0.000000	0.000000	0.000000	0.000000	0.000000	0.000000	0.000000	0.000000
36	M	O	0.999887	0.000002	0.000005	0.000137	0.000000	0.000000	0.000000	0.000000	0.000000	0.000000	0.000000	0.000000	0.000000	0.000000	0.000000	0.000000	0.000000	0.000000
37	R	O	0.999912	0.000002	0.000003	0.000117	0.000000	0.000000	0.000000	0.000000	0.000000	0.000000	0.000000	0.000000	0.000000	0.000000	0.000000	0.000000	0.000000	0.000000
38	T	O	0.999935	0.000002	0.000003	0.000097	0.000000	0.000000	0.000000	0.000000	0.000000	0.000000	0.000000	0.000000	0.000000	0.000000	0.000000	0.000000	0.000000	0.000000
39	G	O	0.999949	0.000001	0.000002	0.000080	0.000000	0.000000	0.000000	0.000000	0.000000	0.000000	0.000000	0.000000	0.000000	0.000000	0.000000	0.000000	0.000000	0.000000
40	E	O	0.999960	0.000001	0.000002	0.000065	0.000000	0.000000	0.000000	0.000000	0.000000	0.000000	0.000000	0.000000	0.000000	0.000000	0.000000	0.000000	0.000000	0.000000
41	T	O	0.999971	0.000001	0.000001	0.000055	0.000000	0.000000	0.000000	0.000000	0.000000	0.000000	0.000000	0.000000	0.000000	0.000000	0.000000	0.000000	0.000000	0.000000
42	Y	O	0.999985	0.000001	0.000001	0.000045	0.000000	0.000000	0.000000	0.000000	0.000000	0.000000	0.000000	0.000000	0.000000	0.000000	0.000000	0.000000	0.000000	0.000000
43	G	O	0.999996	0.000001	0.000001	0.000037	0.000000	0.000000	0.000000	0.000000	0.000000	0.000000	0.000000	0.000000	0.000000	0.000000	0.000000	0.000000	0.000000	0.000000
44	A	O	1.000001	0.000000	0.000001	0.000028	0.000000	0.000000	0.000000	0.000000	0.000000	0.000000	0.000000	0.000000	0.000000	0.000000	0.000000	0.000000	0.000000	0.000000
45	V	O	1.000005	0.000000	0.000001	0.000021	0.000000	0.000000	0.000000	0.000000	0.000000	0.000000	0.000000	0.000000	0.000000	0.000000	0.000000	0.000000	0.000000	0.000000
46	A	O	1.000010	0.000000	0.000001	0.000016	0.000000	0.000000	0.000000	0.000000	0.000000	0.000000	0.000000	0.000000	0.000000	0.000000	0.000000	0.000000	0.000000	0.000000
47	I	O	1.000008	0.000000	0.000000	0.000013	0.000000	0.000000	0.000000	0.000000	0.000000	0.000000	0.000000	0.000000	0.000000	0.000000	0.000000	0.000000	0.000000	0.000000
48	I	O	1.000014	0.000000	0.000000	0.000010	0.000000	0.000000	0.000000	0.000000	0.000000	0.000000	0.000000	0.000000	0.000000	0.000000	0.000000	0.000001	0.000000	0.000000
49	P	O	1.000012	0.000000	0.000000	0.000008	0.000000	0.000000	0.000000	0.000000	0.000000	0.000000	0.000000	0.000000	0.000000	0.000000	0.000000	0.000001	0.000000	0.000000
50	G	O	1.000013	0.000000	0.000000	0.000007	0.000000	0.000000	0.000000	0.000001	0.000000	0.000000	0.000000	0.000000	0.000000	0.000000	0.000000	0.000001	0.000000	0.000000
51	R	O	1.000008	0.000000	0.000000	0.000006	0.000000	0.000001	0.000000	0.000001	0.000000	0.000001	0.000001	0.000000	0.000000	0.000000	0.000000	0.000001	0.000000	0.000000
52	N	O	1.000009	0.000000	0.000000	0.000005	0.000000	0.000001	0.000000	0.000001	0.000000	0.000001	0.000001	0.000000	0.000000	0.000000	0.000000	0.000001	0.000000	0.000001
53	G	O	1.000008	0.000000	0.000000	0.000004	0.000001	0.000001	0.000000	0.000002	0.000000	0.000001	0.000001	0.000000	0.000000	0.000000	0.000000	0.000002	0.000001	0.000001
54	P	O	1.000005	0.000000	0.000000	0.000003	0.000001	0.000001	0.000000	0.000002	0.000000	0.000001	0.000002	0.000000	0.000000	0.000000	0.000000	0.000002	0.000001	0.000001
55	Q	O	1.000006	0.000000	0.000000	0.000002	0.000001	0.000001	0.000001	0.000003	0.000000	0.000002	0.000002	0.000000	0.000000	0.000000	0.000000	0.000003	0.000001	0.000001
56	S	O	1.000002	0.000000	0.000000	0.000002	0.000001	0.000001	0.000001	0.000004	0.000001	0.000002	0.000003	0.000000	0.000000	0.000000	0.000000	0.000003	0.000001	0.000001
57	G	O	0.999996	0.000000	0.000000	0.000001	0.000001	0.000001	0.000001	0.000006	0.000001	0.000003	0.000004	0.000000	0.000000	0.000000	0.000000	0.000004	0.000001	0.000001
58	M	O	0.999990	0.000000	0.000000	0.000001	0.000001	0.000002	0.000001	0.000007	0.000001	0.000004	0.000004	0.000000	0.000000	0.000000	0.000000	0.000005	0.000002	0.000002
59	S	O	0.999978	0.000000	0.000000	0.000001	0.000002	0.000002	0.000001	0.000010	0.000001	0.000005	0.000006	0.000000	0.000000	0.000000	0.000000	0.000006	0.000002	0.000002
60	W	O	0.999970	0.000000	0.000000	0.000001	0.000002	0.000003	0.000001	0.000013	0.000002	0.000008	0.000007	0.000000	0.000000	0.000001	0.000001	0.000008	0.000003	0.000002
61	Y	O	0.999952	0.000000	0.000000	0.000000	0.000002	0.000003	0.000001	0.000016	0.000002	0.000012	0.000010	0.000000	0.000000	0.000001	0.000001	0.000009	0.000003	0.000003
62	G	O	0.999938	0.000000	0.000000	0.000000	0.000003	0.000004	0.000002	0.000019	0.000003	0.000016	0.000016	0.000000	0.000000	0.000001	0.000001	0.000012	0.000004	0.000004
63	P	O	0.999919	0.000000	0.000000	0.000000	0.000003	0.000005	0.000002	0.000023	0.000003	0.000020	0.000024	0.000000	0.000000	0.000002	0.000002	0.000014	0.000005	0.000005
64	R	O	0.999888	0.000000	0.000000	0.000000	0.000003	0.000006	0.000003	0.000027	0.000004	0.000026	0.000035	0.000000	0.000000	0.000002	0.000002	0.000017	0.000007	0.000007
65	L	O	0.999859	0.000000	0.000000	0.000000	0.000002	0.000008	0.000003	0.000029	0.000002	0.000037	0.000045	0.000000	0.000000	0.000003	0.000004	0.000017	0.000010	0.000009
66	A	O	0.999825	0.000000	0.000000	0.000000	0.000001	0.000009	0.000003	0.000024	0.000001	0.000046	0.000065	0.000000	0.000000	0.000004	0.000005	0.000015	0.000012	0.000011
67	S	O	0.999804	0.000000	0.000000	0.000000	0.000000	0.000008	0.000005	0.000013	0.000000	0.000048	0.000091	0.000000	0.000000	0.000004	0.000007	0.000009	0.000015	0.000015
68	H	O	0.999808	0.000000	0.000000	0.000000	0.000000	0.000005	0.000006	0.000000	0.000000	0.000036	0.000112	0.000000	0.000000	0.000004	0.000008	0.000000	0.000015	0.000018
69	G	O	0.999830	0.000000	0.000000	0.000000	0.000000	0.000000	0.000010	0.000000	0.000000	0.000000	0.000125	0.000000	0.000000	0.000000	0.000015	0.000000	0.000000	0.000026
70	F	O	1.000003	0.000000	0.000000	0.000000	0.000000	0.000000	0.000000	0.000000	0.000000	0.000000	0.000000	0.000000	0.000000	0.000000	0.000000	0.000000	0.000000	0.000000
