# Name=tournament_wt_257
# pos	aa	label	Other	Sec/SPI n	Sec/SPI h	Sec/SPI c	Sec/SPII n	Sec/SPII h	Sec/SPII cys	Tat/SPI n	Tat/SPI RR	Tat/SPI h	Tat/SPI c	Tat/SPII n	Tat/SPII RR	Tat/SPII h	Tat/SPII cys	Sec/SPIII P	Sec/SPIII cons.	Sec/SPIII h
1	A	O	0.995832	0.004055	0.000000	0.000000	0.000104	0.000000	0.000000	0.000000	0.000000	0.000000	0.000000	0.000000	0.000000	0.000000	0.000000	0.000006	0.000000	0.000000
2	S	O	0.995839	0.002935	0.001120	0.000000	0.000077	0.000027	0.000000	0.000000	0.000000	0.000000	0.000000	0.000000	0.000000	0.000000	0.000000	0.000005	0.000001	0.000000
3	I	O	0.995844	0.002143	0.001651	0.000262	0.000055	0.000048	0.000000	0.000000	0.000000	0.000000	0.000000	0.000000	0.000000	0.000000	0.000000	0.000005	0.000001	0.000001
4	E	O	0.995855	0.001737	0.001537	0.000777	0.000042	0.000057	0.000005	0.000000	0.000000	0.000000	0.000000	0.000000	0.000000	0.000000	0.000000	0.000004	0.000001	0.000001
5	A	O	0.995881	0.001395	0.001439	0.001201	0.000032	0.000056	0.000011	0.000000	0.000000	0.000000	0.000000	0.000000	0.000000	0.000000	0.000000	0.000003	0.000001	0.000001
6	S	O	0.995925	0.001156	0.001238	0.001609	0.000024	0.000051	0.000012	0.000000	0.000000	0.000000	0.000000	0.000000	0.000000	0.000000	0.000000	0.000003	0.000001	0.000001
7	R	O	0.995998	0.000961	0.001048	0.001941	0.000019	0.000043	0.000014	0.000000	0.000000	0.000000	0.000000	0.000000	0.000000	0.000000	0.000000	0.000003	0.000001	0.000001
8	G	O	0.996084	0.000794	0.000899	0.002177	0.000014	0.000036	0.000011	0.000000	0.000000	0.000000	0.000000	0.000000	0.000000	0.000000	0.000000	0.000002	0.000001	0.000001
9	S	O	0.996222	0.000651	0.000796	0.002299	0.000011	0.000029	0.000010	0.000000	0.000000	0.000000	0.000000	0.000000	0.000000	0.000000	0.000000	0.000002	0.000000	0.000000
10	F	O	0.996397	0.000525	0.000718	0.002338	0.000008	0.000023	0.000008	0.000000	0.000000	0.000000	0.000000	0.000000	0.000000	0.000000	0.000000	0.000002	0.000000	0.000000
11	A	O	0.996613	0.000426	0.000637	0.002310	0.000006	0.000019	0.000006	0.000000	0.000000	0.000000	0.000000	0.000000	0.000000	0.000000	0.000000	0.000001	0.000000	0.000000
12	T	O	0.996901	0.000337	0.000593	0.002166	0.000005	0.000015	0.000005	0.000000	0.000000	0.000000	0.000000	0.000000	0.000000	0.000000	0.000000	0.000001	0.000000	0.000000
13	S	O	0.997167	0.000268	0.000532	0.002035	0.000003	0.000012	0.000004	0.000000	0.000000	0.000000	0.000000	0.000000	0.000000	0.000000	0.000000	0.000001	0.000000	0.000000
14	T	O	0.997440	0.000207	0.000479	0.001880	0.000002	0.000010	0.000003	0.000000	0.000000	0.000000	0.000000	0.000000	0.000000	0.000000	0.000000	0.000001	0.000000	0.000000
15	T	O	0.997664	0.000157	0.000418	0.001765	0.000002	0.000008	0.000003	0.000000	0.000000	0.000000	0.000000	0.000000	0.000000	0.000000	0.000000	0.000001	0.000000	0.000000
16	T	O	0.997895	0.000117	0.000355	0.001646	0.000001	0.000007	0.000002	0.000000	0.000000	0.000000	0.000000	0.000000	0.000000	0.000000	0.000000	0.000000	0.000000	0.000000
17	V	O	0.998122	0.000084	0.000298	0.001509	0.000001	0.000005	0.000002	0.000000	0.000000	0.000000	0.000000	0.000000	0.000000	0.000000	0.000000	0.000000	0.000000	0.000000
18	S	O	0.998339	0.000061	0.000235	0.001377	0.000000	0.000004	0.000002	0.000000	0.000000	0.000000	0.000000	0.000000	0.000000	0.000000	0.000000	0.000000	0.000000	0.000000
19	R	O	0.998581	0.000044	0.000186	0.001199	0.000000	0.000003	0.000001	0.000000	0.000000	0.000000	0.000000	0.000000	0.000000	0.000000	0.000000	0.000000	0.000000	0.000000
20	L	O	0.998810	0.000031	0.000144	0.001032	0.000000	0.000002	0.000001	0.000000	0.000000	0.000000	0.000000	0.000000	0.000000	0.000000	0.000000	0.000000	0.000000	0.000000
21	A	O	0.999013	0.000022	0.000102	0.000878	0.000000	0.000001	0.000001	0.000000	0.000000	0.000000	0.000000	0.000000	0.000000	0.000000	0.000000	0.000000	0.000000	0.000000
22	V	O	0.999200	0.000017	0.000066	0.000733	0.000000	0.000001	0.000001	0.000000	0.000000	0.000000	0.000000	0.000000	0.000000	0.000000	0.000000	0.000000	0.000000	0.000000
23	S	O	0.999359	0.000015	0.000037	0.000604	0.000000	0.000001	0.000000	0.000000	0.000000	0.000000	0.000000	0.000000	0.000000	0.000000	0.000000	0.000000	0.000000	0.000000
24	G	O	0.999556	0.000013	0.000023	0.000425	0.000000	0.000000	0.000000	0.000000	0.000000	0.000000	0.000000	0.000000	0.000000	0.000000	0.000000	0.000000	0.000000	0.000000
25	F	O	0.999741	0.000011	0.000018	0.000248	0.000000	0.000000	0.000000	0.000000	0.000000	0.000000	0.000000	0.000000	0.000000	0.000000	0.000000	0.000000	0.000000	0.000000
26	G	O	0.999834	0.000010	0.000014	0.000160	0.000000	0.000000	0.000000	0.000000	0.000000	0.000000	0.000000	0.000000	0.000000	0.000000	0.000000	0.000000	0.000000	0.000000
27	G	O	0.999910	0.000009	0.000012	0.000091	0.000000	0.000000	0.000000	0.000000	0.000000	0.000000	0.000000	0.000000	0.000000	0.000000	0.000000	0.000000	0.000000	0.000000
28	G	O	0.999952	0.000008	0.000011	0.000056	0.000000	0.000000	0.000000	0.000000	0.000000	0.000000	0.000000	0.000000	0.000000	0.000000	0.000000	0.000000	0.000000	0.000000
29	T	O	0.999970	0.000007	0.000011	0.000036	0.000000	0.000000	0.000000	0.000000	0.000000	0.000000	0.000000	0.000000	0.000000	0.000000	0.000000	0.000000	0.000000	0.000000
30	I	O	0.999981	0.000006	0.000011	0.000027	0.000000	0.000000	0.000000	0.000000	0.000000	0.000000	0.000000	0.000000	0.000000	0.000000	0.000000	0.000000	0.000000	0.000000
31	Y	O	0.999993	0.000005	0.000010	0.000024	0.000000	0.000000	0.000000	0.000000	0.000000	0.000000	0.000000	0.000000	0.000000	0.000000	0.000000	0.000000	0.000000	0.000000
32	Y	O	0.999992	0.000004	0.000009	0.000022	0.000000	0.000000	0.000000	0.000000	0.000000	0.000000	0.000000	0.000000	0.000000	0.000000	0.000000	0.000000	0.000000	0.000000
33	P	O	0.999993	0.000003	0.000008	0.000023	0.000000	0.000000	0.000000	0.000000	0.000000	0.000000	0.000000	0.000000	0.000000	0.000000	0.000000	0.000000	0.000000	0.000000
34	T	O	1.000002	0.000002	0.000007	0.000023	0.000000	0.000000	0.000000	0.000000	0.000000	0.000000	0.000000	0.000000	0.000000	0.000000	0.000000	0.000000	0.000000	0.000000
35	S	O	0.999999	0.000002	0.000005	0.000024	0.000000	0.000000	0.000000	0.000000	0.000000	0.000000	0.000000	0.000000	0.000000	0.000000	0.000000	0.000000	0.000000	0.000000
36	T	O	0.999999	0.000002	0.000003	0.000025	0.000000	0.000000	0.000000	0.000000	0.000000	0.000000	0.000000	0.000000	0.000000	0.000000	0.000000	0.000000	0.000000	0.000000
37	T	O	1.000001	0.000001	0.000002	0.000025	0.000000	0.000000	0.000000	0.000000	0.000000	0.000000	0.000000	0.000000	0.000000	0.000000	0.000000	0.000000	0.000000	0.000000
38	A	O	0.999999	0.000001	0.000002	0.000025	0.000000	0.000000	0.000000	0.000000	0.000000	0.000000	0.000000	0.000000	0.000000	0.000000	0.000000	0.000000	0.000000	0.000000
39	G	O	1.000008	0.000001	0.000002	0.000023	0.000000	0.000000	0.000000	0.000000	0.000000	0.000000	0.000000	0.000000	0.000000	0.000000	0.000000	0.000000	0.000000	0.000000
40	T	O	1.000012	0.000001	0.000001	0.000021	0.000000	0.000000	0.000000	0.000000	0.000000	0.000000	0.000000	0.000000	0.000000	0.000000	0.000000	0.000000	0.000000	0.000000
41	F	O	1.000014	0.000001	0.000001	0.000018	0.000000	0.000000	0.000000	0.000000	0.000000	0.000000	0.000000	0.000000	0.000000	0.000000	0.000000	0.000000	0.000000	0.000000
42	G	O	1.000014	0.000001	0.000001	0.000016	0.000000	0.000000	0.000000	0.000000	0.000000	0.000000	0.000000	0.000000	0.000000	0.000000	0.000000	0.000000	0.000000	0.000000
43	A	O	1.000020	0.000000	0.000001	0.000014	0.000000	0.000000	0.000000	0.000000	0.000000	0.000000	0.000000	0.000000	0.000000	0.000000	0.000000	0.000000	0.000000	0.000000
44	I	O	1.000016	0.000000	0.000001	0.000012	0.000000	0.000000	0.000000	0.000000	0.000000	0.000000	0.000000	0.000000	0.000000	0.000000	0.000000	0.000000	0.000000	0.000000
45	S	O	1.000016	0.000000	0.000001	0.000011	0.000000	0.000000	0.000000	0.000000	0.000000	0.000000	0.000000	0.000000	0.000000	0.000000	0.000000	0.000000	0.000000	0.000000
46	I	O	1.000015	0.000000	0.000001	0.000010	0.000000	0.000000	0.000000	0.000000	0.000000	0.000000	0.000000	0.000000	0.000000	0.000000	0.000000	0.000000	0.000000	0.000000
47	A	O	1.000021	0.000000	0.000001	0.000010	0.000000	0.000000	0.000000	0.000000	0.000000	0.000000	0.000000	0.000000	0.000000	0.000000	0.000000	0.000001	0.000000	0.000000
48	P	O	1.000014	0.000000	0.000001	0.000009	0.000000	0.000000	0.000000	0.000000	0.000000	0.000000	0.000000	0.000000	0.000000	0.000000	0.000000	0.000001	0.000000	0.000000
49	G	O	1.000018	0.000000	0.000000	0.000009	0.000000	0.000000	0.000000	0.000001	0.000000	0.000000	0.000000	0.000000	0.000000	0.000000	0.000000	0.000001	0.000000	0.000000
50	F	O	1.000018	0.000000	0.000000	0.000008	0.000000	0.000000	0.000000	0.000001	0.000000	0.000001	0.000001	0.000000	0.000000	0.000000	0.000000	0.000001	0.000000	0.000000
51	T	O	1.000022	0.000000	0.000000	0.000008	0.000000	0.000001	0.000000	0.000001	0.000000	0.000001	0.000001	0.000000	0.000000	0.000000	0.000000	0.000001	0.000000	0.000000
52	A	O	1.000017	0.000000	0.000000	0.000007	0.000000	0.000001	0.000000	0.000001	0.000000	0.000001	0.000001	0.000000	0.000000	0.000000	0.000000	0.000001	0.000000	0.000000
53	T	O	1.000022	0.000000	0.000000	0.000006	0.000001	0.000001	0.000000	0.000002	0.000000	0.000001	0.000001	0.000000	0.000000	0.000000	0.000000	0.000002	0.000000	0.000000
54	Q	O	1.000022	0.000000	0.000000	0.000006	0.000001	0.000001	0.000000	0.000002	0.000000	0.000001	0.000002	0.000000	0.000000	0.000000	0.000000	0.000002	0.000001	0.000001
55	S	O	1.000015	0.000000	0.000000	0.000005	0.000001	0.000001	0.000000	0.000002	0.000000	0.000001	0.000002	0.000000	0.000000	0.000000	0.000000	0.000002	0.000001	0.000001
56	S	O	1.000019	0.000000	0.000000	0.000004	0.000001	0.000001	0.000000	0.000003	0.000000	0.000002	0.000002	0.000000	0.000000	0.000000	0.000000	0.000002	0.000001	0.000001
57	I	O	1.000015	0.000000	0.000000	0.000004	0.000001	0.000001	0.000000	0.000003	0.000000	0.000003	0.000003	0.000000	0.000000	0.000000	0.000000	0.000003	0.000001	0.000001
58	A	O	1.000013	0.000000	0.000000	0.000003	0.000001	0.000001	0.000000	0.000004	0.000001	0.000003	0.000004	0.000000	0.000000	0.000000	0.000000	0.000003	0.000001	0.000001
59	W	O	1.000010	0.000000	0.000000	0.000002	0.000001	0.000001	0.000001	0.000004	0.000000	0.000004	0.000004	0.000000	0.000000	0.000000	0.000000	0.000003	0.000001	0.000001
60	L	O	1.000015	0.000000	0.000000	0.000002	0.000001	0.000001	0.000001	0.000004	0.000001	0.000005	0.000005	0.000000	0.000000	0.000000	0.000000	0.000003	0.000002	0.000002
61	G	O	1.000009	0.000000	0.000000	0.000001	0.000001	0.000001	0.000001	0.000005	0.000001	0.000005	0.000007	0.000000	0.000000	0.000000	0.000000	0.000003	0.000001	0.000002
62	P	O	1.000000	0.000000	0.000000	0.000001	0.000001	0.000001	0.000001	0.000005	0.000001	0.000005	0.000009	0.000000	0.000000	0.000000	0.000000	0.000004	0.000002	0.000002
63	R	O	0.999999	0.000000	0.000000	0.000001	0.000001	0.000001	0.000001	0.000006	0.000001	0.000006	0.000011	0.000000	0.000000	0.000000	0.000001	0.000004	0.000002	0.000002
64	L	O	0.999995	0.000000	0.000000	0.000001	0.000001	0.000002	0.000001	0.000006	0.000001	0.000008	0.000013	0.000000	0.000000	0.000001	0.000001	0.000005	0.000002	0.000002
65	A	O	0.999985	0.000000	0.000000	0.000000	0.000000	0.000002	0.000001	0.000006	0.000000	0.000009	0.000017	0.000000	0.000000	0.000001	0.000001	0.000005	0.000003	0.000003
66	S	O	0.999969	0.000000	0.000000	0.000000	0.000000	0.000002	0.000001	0.000004	0.000000	0.000010	0.000022	0.000000	0.000000	0.000001	0.000001	0.000004	0.000004	0.000004
67	Q	O	0.999962	0.000000	0.000000	0.000000	0.000000	0.000002	0.000001	0.000002	0.000000	0.000009	0.000025	0.000000	0.000000	0.000001	0.000002	0.000002	0.000004	0.000005
68	G	O	0.999967	0.000000	0.000000	0.000000	0.000000	0.000001	0.000002	0.000000	0.000000	0.000005	0.000026	0.000000	0.000000	0.000001	0.000002	0.000000	0.000004	0.000006
69	F	O	0.999975	0.000000	0.000000	0.000000	0.000000	0.000000	0.000002	0.000000	0.000000	0.000000	0.000018	0.000000	0.000000	0.000000	0.000004	0.000000	0.000000	0.000006
70	V	O	1.000000	0.000000	0.000000	0.000000	0.000000	0.000000	0.000000	0.000000	0.000000	0.000000	0.000000	0.000000	0.000000	0.000000	0.000000	0.000000	0.000000	0.000000
