# Name=tournament_wt_101
# pos	aa	label	Other	Sec/SPI n	Sec/SPI h	Sec/SPI c	Sec/SPII n	Sec/SPII h	Sec/SPII cys	Tat/SPI n	Tat/SPI RR	Tat/SPI h	Tat/SPI c	Tat/SPII n	Tat/SPII RR	Tat/SPII h	Tat/SPII cys	Sec/SPIII P	Sec/SPIII cons.	Sec/SPIII h
1	A	O	0.997419	0.002415	0.000000	0.000000	0.000138	0.000000	0.000000	0.000003	0.000000	0.000000	0.000000	0.000000	0.000000	0.000000	0.000000	0.000048	0.000000	0.000000
2	S	O	0.997428	0.001607	0.000808	0.000000	0.000095	0.000044	0.000000	0.000002	0.000000	0.000001	0.000000	0.000000	0.000000	0.000000	0.000000	0.000038	0.000010	0.000000
3	V	O	0.997429	0.001000	0.001173	0.000243	0.000062	0.000076	0.000000	0.000001	0.000000	0.000001	0.000000	0.000000	0.000000	0.000000	0.000000	0.000030	0.000011	0.000007
4	T	O	0.997469	0.000678	0.001055	0.000649	0.000041	0.000088	0.000009	0.000001	0.000000	0.000001	0.000001	0.000000	0.000000	0.000000	0.000000	0.000024	0.000009	0.000009
5	A	O	0.997579	0.000463	0.000853	0.000974	0.000027	0.000084	0.000018	0.000000	0.000000	0.000001	0.000001	0.000000	0.000000	0.000000	0.000000	0.000019	0.000008	0.000008
6	T	O	0.997777	0.000325	0.000648	0.001143	0.000017	0.000071	0.000023	0.000000	0.000000	0.000001	0.000001	0.000000	0.000000	0.000000	0.000000	0.000014	0.000007	0.000007
7	T	O	0.998031	0.000231	0.000467	0.001193	0.000011	0.000056	0.000022	0.000000	0.000000	0.000000	0.000001	0.000000	0.000000	0.000000	0.000000	0.000011	0.000006	0.000006
8	G	O	0.998353	0.000165	0.000343	0.001087	0.000008	0.000040	0.000020	0.000000	0.000000	0.000000	0.000001	0.000000	0.000000	0.000000	0.000000	0.000008	0.000004	0.000005
9	P	O	0.998730	0.000117	0.000268	0.000860	0.000005	0.000027	0.000015	0.000000	0.000000	0.000000	0.000000	0.000000	0.000000	0.000000	0.000000	0.000006	0.000004	0.000004
10	F	O	0.999016	0.000081	0.000212	0.000682	0.000003	0.000019	0.000010	0.000000	0.000000	0.000000	0.000000	0.000000	0.000000	0.000000	0.000000	0.000004	0.000003	0.000003
11	A	O	0.999276	0.000058	0.000165	0.000504	0.000002	0.000014	0.000007	0.000000	0.000000	0.000000	0.000000	0.000000	0.000000	0.000000	0.000000	0.000003	0.000002	0.000002
12	V	O	0.999508	0.000040	0.000141	0.000323	0.000002	0.000009	0.000005	0.000000	0.000000	0.000000	0.000000	0.000000	0.000000	0.000000	0.000000	0.000002	0.000001	0.000002
13	T	O	0.999650	0.000029	0.000111	0.000231	0.000001	0.000007	0.000003	0.000000	0.000000	0.000000	0.000000	0.000000	0.000000	0.000000	0.000000	0.000001	0.000001	0.000001
14	T	O	0.999748	0.000020	0.000089	0.000167	0.000001	0.000005	0.000002	0.000000	0.000000	0.000000	0.000000	0.000000	0.000000	0.000000	0.000000	0.000001	0.000001	0.000001
15	Y	O	0.999815	0.000014	0.000071	0.000128	0.000000	0.000004	0.000002	0.000000	0.000000	0.000000	0.000000	0.000000	0.000000	0.000000	0.000000	0.000001	0.000000	0.000001
16	N	O	0.999858	0.000010	0.000053	0.000106	0.000000	0.000003	0.000001	0.000000	0.000000	0.000000	0.000000	0.000000	0.000000	0.000000	0.000000	0.000000	0.000000	0.000000
17	I	O	0.999895	0.000007	0.000042	0.000084	0.000000	0.000002	0.000001	0.000000	0.000000	0.000000	0.000000	0.000000	0.000000	0.000000	0.000000	0.000000	0.000000	0.000000
18	S	O	0.999918	0.000004	0.000030	0.000074	0.000000	0.000002	0.000001	0.000000	0.000000	0.000000	0.000000	0.000000	0.000000	0.000000	0.000000	0.000000	0.000000	0.000000
19	S	O	0.999942	0.000003	0.000020	0.000063	0.000000	0.000001	0.000000	0.000000	0.000000	0.000000	0.000000	0.000000	0.000000	0.000000	0.000000	0.000000	0.000000	0.000000
20	L	O	0.999962	0.000002	0.000014	0.000051	0.000000	0.000001	0.000000	0.000000	0.000000	0.000000	0.000000	0.000000	0.000000	0.000000	0.000000	0.000000	0.000000	0.000000
21	V	O	0.999977	0.000001	0.000008	0.000042	0.000000	0.000001	0.000000	0.000000	0.000000	0.000000	0.000000	0.000000	0.000000	0.000000	0.000000	0.000000	0.000000	0.000000
22	S	O	0.999993	0.000001	0.000004	0.000035	0.000000	0.000000	0.000000	0.000000	0.000000	0.000000	0.000000	0.000000	0.000000	0.000000	0.000000	0.000000	0.000000	0.000000
23	G	O	1.000000	0.000001	0.000002	0.000027	0.000000	0.000000	0.000000	0.000000	0.000000	0.000000	0.000000	0.000000	0.000000	0.000000	0.000000	0.000000	0.000000	0.000000
24	F	O	1.000012	0.000001	0.000001	0.000017	0.000000	0.000000	0.000000	0.000000	0.000000	0.000000	0.000000	0.000000	0.000000	0.000000	0.000000	0.000000	0.000000	0.000000
25	G	O	1.000020	0.000001	0.000001	0.000011	0.000000	0.000000	0.000000	0.000000	0.000000	0.000000	0.000000	0.000000	0.000000	0.000000	0.000000	0.000000	0.000000	0.000000
26	G	O	1.000022	0.000000	0.000001	0.000006	0.000000	0.000000	0.000000	0.000000	0.000000	0.000000	0.000000	0.000000	0.000000	0.000000	0.000000	0.000000	0.000000	0.000000
27	G	O	1.000023	0.000000	0.000000	0.000003	0.000000	0.000000	0.000000	0.000000	0.000000	0.000000	0.000000	0.000000	0.000000	0.000000	0.000000	0.000000	0.000000	0.000000
28	T	O	1.000021	0.000000	0.000000	0.000002	0.000000	0.000000	0.000000	0.000000	0.000000	0.000000	0.000000	0.000000	0.000000	0.000000	0.000000	0.000000	0.000000	0.000000
29	L	O	1.000023	0.000000	0.000000	0.000001	0.000000	0.000000	0.000000	0.000000	0.000000	0.000000	0.000000	0.000000	0.000000	0.000000	0.000000	0.000000	0.000000	0.000000
30	Y	O	1.000023	0.000000	0.000000	0.000001	0.000000	0.000000	0.000000	0.000000	0.000000	0.000000	0.000000	0.000000	0.000000	0.000000	0.000000	0.000000	0.000000	0.000000
31	Y	O	1.000020	0.000000	0.000000	0.000001	0.000000	0.000000	0.000000	0.000000	0.000000	0.000000	0.000000	0.000000	0.000000	0.000000	0.000000	0.000000	0.000000	0.000000
32	P	O	1.000027	0.000000	0.000000	0.000000	0.000000	0.000000	0.000000	0.000000	0.000000	0.000000	0.000000	0.000000	0.000000	0.000000	0.000000	0.000000	0.000000	0.000000
33	T	O	1.000022	0.000000	0.000000	0.000000	0.000000	0.000000	0.000000	0.000000	0.000000	0.000000	0.000000	0.000000	0.000000	0.000000	0.000000	0.000000	0.000000	0.000000
34	D	O	1.000029	0.000000	0.000000	0.000000	0.000000	0.000000	0.000000	0.000000	0.000000	0.000000	0.000000	0.000000	0.000000	0.000000	0.000000	0.000000	0.000000	0.000000
35	T	O	1.000021	0.000000	0.000000	0.000000	0.000000	0.000000	0.000000	0.000000	0.000000	0.000000	0.000000	0.000000	0.000000	0.000000	0.000000	0.000000	0.000000	0.000000
36	S	O	1.000024	0.000000	0.000000	0.000000	0.000000	0.000000	0.000000	0.000000	0.000000	0.000000	0.000000	0.000000	0.000000	0.000000	0.000000	0.000000	0.000000	0.000000
37	Q	O	1.000023	0.000000	0.000000	0.000000	0.000000	0.000000	0.000000	0.000000	0.000000	0.000000	0.000000	0.000000	0.000000	0.000000	0.000000	0.000000	0.000000	0.000000
38	G	O	1.000025	0.000000	0.000000	0.000000	0.000000	0.000000	0.000000	0.000000	0.000000	0.000000	0.000000	0.000000	0.000000	0.000000	0.000000	0.000000	0.000000	0.000000
39	T	O	1.000021	0.000000	0.000000	0.000000	0.000000	0.000000	0.000000	0.000000	0.000000	0.000000	0.000000	0.000000	0.000000	0.000000	0.000000	0.000000	0.000000	0.000000
40	F	O	1.000024	0.000000	0.000000	0.000000	0.000000	0.000000	0.000000	0.000000	0.000000	0.000000	0.000000	0.000000	0.000000	0.000000	0.000000	0.000000	0.000000	0.000000
41	G	O	1.000026	0.000000	0.000000	0.000000	0.000000	0.000000	0.000000	0.000000	0.000000	0.000000	0.000000	0.000000	0.000000	0.000000	0.000000	0.000000	0.000000	0.000000
42	A	O	1.000026	0.000000	0.000000	0.000000	0.000000	0.000000	0.000000	0.000000	0.000000	0.000000	0.000000	0.000000	0.000000	0.000000	0.000000	0.000000	0.000000	0.000000
43	I	O	1.000029	0.000000	0.000000	0.000000	0.000000	0.000000	0.000000	0.000000	0.000000	0.000000	0.000000	0.000000	0.000000	0.000000	0.000000	0.000000	0.000000	0.000000
44	A	O	1.000028	0.000000	0.000000	0.000000	0.000000	0.000000	0.000000	0.000000	0.000000	0.000000	0.000000	0.000000	0.000000	0.000000	0.000000	0.000000	0.000000	0.000000
45	L	O	1.000029	0.000000	0.000000	0.000000	0.000000	0.000000	0.000000	0.000000	0.000000	0.000000	0.000000	0.000000	0.000000	0.000000	0.000000	0.000000	0.000000	0.000000
46	S	O	1.000024	0.000000	0.000000	0.000000	0.000000	0.000000	0.000000	0.000000	0.000000	0.000000	0.000000	0.000000	0.000000	0.000000	0.000000	0.000000	0.000000	0.000000
47	P	O	1.000025	0.000000	0.000000	0.000000	0.000000	0.000000	0.000000	0.000000	0.000000	0.000000	0.000000	0.000000	0.000000	0.000000	0.000000	0.000001	0.000000	0.000000
48	G	O	1.000022	0.000000	0.000000	0.000000	0.000000	0.000000	0.000000	0.000001	0.000000	0.000000	0.000000	0.000000	0.000000	0.000000	0.000000	0.000001	0.000000	0.000000
49	Y	O	1.000026	0.000000	0.000000	0.000000	0.000000	0.000000	0.000000	0.000001	0.000000	0.000000	0.000000	0.000000	0.000000	0.000000	0.000000	0.000001	0.000000	0.000000
50	T	O	1.000026	0.000000	0.000000	0.000000	0.000000	0.000000	0.000000	0.000001	0.000000	0.000000	0.000001	0.000000	0.000000	0.000000	0.000000	0.000001	0.000000	0.000000
51	A	O	1.000020	0.000000	0.000000	0.000000	0.000001	0.000000	0.000000	0.000001	0.000000	0.000001	0.000001	0.000000	0.000000	0.000000	0.000000	0.000002	0.000000	0.000000
52	S	O	1.000025	0.000000	0.000000	0.000000	0.000001	0.000001	0.000000	0.000002	0.000000	0.000001	0.000001	0.000000	0.000000	0.000000	0.000000	0.000002	0.000000	0.000000
53	W	O	1.000017	0.000000	0.000000	0.000000	0.000001	0.000001	0.000000	0.000002	0.000000	0.000001	0.000001	0.000000	0.000000	0.000000	0.000000	0.000002	0.000001	0.000000
54	S	O	1.000016	0.000000	0.000000	0.000000	0.000001	0.000001	0.000000	0.000003	0.000000	0.000001	0.000001	0.000000	0.000000	0.000000	0.000000	0.000003	0.000001	0.000001
55	S	O	1.000015	0.000000	0.000000	0.000000	0.000001	0.000001	0.000000	0.000004	0.000000	0.000002	0.000002	0.000000	0.000000	0.000000	0.000000	0.000003	0.000001	0.000001
56	I	O	1.000011	0.000000	0.000000	0.000000	0.000001	0.000001	0.000000	0.000004	0.000001	0.000002	0.000002	0.000000	0.000000	0.000000	0.000000	0.000004	0.000001	0.000001
57	S	O	1.000010	0.000000	0.000000	0.000000	0.000001	0.000002	0.000000	0.000005	0.000001	0.000003	0.000003	0.000000	0.000000	0.000000	0.000000	0.000004	0.000001	0.000001
58	W	O	1.000003	0.000000	0.000000	0.000000	0.000001	0.000002	0.000000	0.000006	0.000001	0.000004	0.000003	0.000000	0.000000	0.000000	0.000000	0.000005	0.000001	0.000001
59	L	O	0.999995	0.000000	0.000000	0.000000	0.000002	0.000002	0.000001	0.000007	0.000001	0.000005	0.000004	0.000000	0.000000	0.000000	0.000000	0.000005	0.000002	0.000002
60	G	O	0.999994	0.000000	0.000000	0.000000	0.000002	0.000002	0.000001	0.000008	0.000001	0.000005	0.000006	0.000000	0.000000	0.000000	0.000000	0.000006	0.000002	0.000002
61	P	O	0.999986	0.000000	0.000000	0.000000	0.000002	0.000002	0.000001	0.000008	0.000001	0.000006	0.000007	0.000000	0.000000	0.000000	0.000000	0.000007	0.000002	0.000002
62	R	O	0.999982	0.000000	0.000000	0.000000	0.000002	0.000003	0.000001	0.000009	0.000002	0.000007	0.000010	0.000000	0.000000	0.000001	0.000001	0.000009	0.000002	0.000002
63	L	O	0.999973	0.000000	0.000000	0.000000	0.000002	0.000004	0.000001	0.000010	0.000001	0.000009	0.000011	0.000000	0.000000	0.000001	0.000001	0.000009	0.000003	0.000003
64	A	O	0.999961	0.000000	0.000000	0.000000	0.000001	0.000004	0.000001	0.000010	0.000001	0.000011	0.000015	0.000000	0.000000	0.000001	0.000001	0.000010	0.000005	0.000004
65	S	O	0.999943	0.000000	0.000000	0.000000	0.000001	0.000005	0.000001	0.000008	0.000001	0.000013	0.000019	0.000000	0.000000	0.000001	0.000001	0.000009	0.000006	0.000005
66	Q	O	0.999942	0.000000	0.000000	0.000000	0.000000	0.000005	0.000002	0.000005	0.000000	0.000013	0.000023	0.000000	0.000000	0.000001	0.000002	0.000007	0.000007	0.000006
67	G	O	0.999942	0.000000	0.000000	0.000000	0.000000	0.000004	0.000002	0.000003	0.000000	0.000012	0.000026	0.000000	0.000000	0.000002	0.000002	0.000003	0.000008	0.000008
68	F	O	0.999956	0.000000	0.000000	0.000000	0.000000	0.000002	0.000003	0.000000	0.000000	0.000008	0.000024	0.000000	0.000000	0.000001	0.000003	0.000000	0.000006	0.000009
69	V	O	0.999966	0.000000	0.000000	0.000000	0.000000	0.000000	0.000003	0.000000	0.000000	0.000000	0.000020	0.000000	0.000000	0.000000	0.000004	0.000000	0.000000	0.000010
70	V	O	1.000002	0.000000	0.000000	0.000000	0.000000	0.000000	0.000000	0.000000	0.000000	0.000000	0.000000	0.000000	0.000000	0.000000	0.000000	0.000000	0.000000	0.000000
