# Name=tournament_wt_189
# pos	aa	label	Other	Sec/SPI n	Sec/SPI h	Sec/SPI c	Sec/SPII n	Sec/SPII h	Sec/SPII cys	Tat/SPI n	Tat/SPI RR	Tat/SPI h	Tat/SPI c	Tat/SPII n	Tat/SPII RR	Tat/SPII h	Tat/SPII cys	Sec/SPIII P	Sec/SPIII cons.	Sec/SPIII h
1	S	O	0.949445	0.050401	0.000000	0.000000	0.000135	0.000000	0.000000	0.000001	0.000000	0.000000	0.000000	0.000000	0.000000	0.000000	0.000000	0.000015	0.000000	0.000000
2	L	O	0.949451	0.040831	0.009570	0.000000	0.000112	0.000024	0.000000	0.000000	0.000000	0.000000	0.000000	0.000000	0.000000	0.000000	0.000000	0.000013	0.000002	0.000000
3	E	O	0.949452	0.036397	0.010578	0.003426	0.000098	0.000038	0.000000	0.000000	0.000000	0.000000	0.000000	0.000000	0.000000	0.000000	0.000000	0.000012	0.000002	0.000002
4	R	O	0.949564	0.033100	0.009973	0.007216	0.000087	0.000044	0.000005	0.000000	0.000000	0.000000	0.000000	0.000000	0.000000	0.000000	0.000000	0.000010	0.000002	0.000002
5	A	O	0.949941	0.030230	0.009638	0.010054	0.000076	0.000047	0.000008	0.000000	0.000000	0.000000	0.000000	0.000000	0.000000	0.000000	0.000000	0.000009	0.000002	0.000002
6	G	O	0.950581	0.027737	0.009202	0.012350	0.000067	0.000048	0.000008	0.000000	0.000000	0.000000	0.000000	0.000000	0.000000	0.000000	0.000000	0.000008	0.000001	0.000001
7	S	O	0.951554	0.025226	0.009326	0.013775	0.000058	0.000047	0.000009	0.000000	0.000000	0.000000	0.000000	0.000000	0.000000	0.000000	0.000000	0.000007	0.000001	0.000001
8	F	O	0.952895	0.022339	0.010349	0.014306	0.000050	0.000047	0.000008	0.000000	0.000000	0.000000	0.000000	0.000000	0.000000	0.000000	0.000000	0.000006	0.000001	0.000001
9	A	O	0.954679	0.019612	0.011328	0.014280	0.000042	0.000048	0.000007	0.000000	0.000000	0.000000	0.000000	0.000000	0.000000	0.000000	0.000000	0.000006	0.000001	0.000001
10	T	O	0.957010	0.016727	0.012826	0.013342	0.000035	0.000049	0.000006	0.000000	0.000000	0.000000	0.000000	0.000000	0.000000	0.000000	0.000000	0.000005	0.000001	0.000001
11	R	O	0.958863	0.013878	0.014057	0.013117	0.000028	0.000049	0.000007	0.000000	0.000000	0.000000	0.000000	0.000000	0.000000	0.000000	0.000000	0.000004	0.000001	0.000001
12	T	O	0.960898	0.010695	0.015784	0.012540	0.000021	0.000051	0.000005	0.000000	0.000000	0.000000	0.000000	0.000000	0.000000	0.000000	0.000000	0.000003	0.000001	0.000001
13	I	O	0.962628	0.007692	0.017065	0.012543	0.000015	0.000052	0.000005	0.000000	0.000000	0.000000	0.000000	0.000000	0.000000	0.000000	0.000000	0.000003	0.000001	0.000001
14	S	O	0.964063	0.005654	0.016448	0.013765	0.000011	0.000051	0.000006	0.000000	0.000000	0.000000	0.000000	0.000000	0.000000	0.000000	0.000000	0.000002	0.000001	0.000001
15	V	O	0.965875	0.003753	0.015975	0.014332	0.000007	0.000049	0.000006	0.000000	0.000000	0.000000	0.000000	0.000000	0.000000	0.000000	0.000000	0.000002	0.000001	0.000001
16	S	O	0.967375	0.002554	0.013667	0.016349	0.000005	0.000045	0.000006	0.000000	0.000000	0.000000	0.000000	0.000000	0.000000	0.000000	0.000000	0.000001	0.000001	0.000001
17	S	O	0.969146	0.001704	0.010952	0.018153	0.000003	0.000041	0.000006	0.000000	0.000000	0.000000	0.000000	0.000000	0.000000	0.000000	0.000000	0.000001	0.000001	0.000001
18	L	O	0.971415	0.001059	0.008573	0.018917	0.000002	0.000035	0.000007	0.000000	0.000000	0.000000	0.000000	0.000000	0.000000	0.000000	0.000000	0.000001	0.000000	0.000000
19	A	O	0.973478	0.000653	0.005756	0.020083	0.000001	0.000029	0.000007	0.000000	0.000000	0.000000	0.000000	0.000000	0.000000	0.000000	0.000000	0.000001	0.000000	0.000000
20	A	O	0.976476	0.000433	0.003418	0.019646	0.000001	0.000022	0.000007	0.000000	0.000000	0.000000	0.000000	0.000000	0.000000	0.000000	0.000000	0.000000	0.000000	0.000000
21	S	O	0.980231	0.000314	0.001792	0.017641	0.000000	0.000015	0.000007	0.000000	0.000000	0.000000	0.000000	0.000000	0.000000	0.000000	0.000000	0.000000	0.000000	0.000000
22	G	O	0.984924	0.000238	0.000967	0.013862	0.000000	0.000009	0.000006	0.000000	0.000000	0.000000	0.000000	0.000000	0.000000	0.000000	0.000000	0.000000	0.000000	0.000000
23	F	O	0.990536	0.000181	0.000628	0.008653	0.000000	0.000005	0.000004	0.000000	0.000000	0.000000	0.000000	0.000000	0.000000	0.000000	0.000000	0.000000	0.000000	0.000000
24	G	O	0.993694	0.000146	0.000356	0.005802	0.000000	0.000003	0.000002	0.000000	0.000000	0.000000	0.000000	0.000000	0.000000	0.000000	0.000000	0.000000	0.000000	0.000000
25	G	O	0.996276	0.000120	0.000227	0.003373	0.000000	0.000001	0.000001	0.000000	0.000000	0.000000	0.000000	0.000000	0.000000	0.000000	0.000000	0.000000	0.000000	0.000000
26	G	O	0.997901	0.000100	0.000158	0.001838	0.000000	0.000001	0.000001	0.000000	0.000000	0.000000	0.000000	0.000000	0.000000	0.000000	0.000000	0.000000	0.000000	0.000000
27	R	O	0.998846	0.000083	0.000123	0.000951	0.000000	0.000000	0.000000	0.000000	0.000000	0.000000	0.000000	0.000000	0.000000	0.000000	0.000000	0.000000	0.000000	0.000000
28	I	O	0.999288	0.000066	0.000103	0.000547	0.000000	0.000000	0.000000	0.000000	0.000000	0.000000	0.000000	0.000000	0.000000	0.000000	0.000000	0.000000	0.000000	0.000000
29	Y	O	0.999501	0.000053	0.000083	0.000360	0.000000	0.000000	0.000000	0.000000	0.000000	0.000000	0.000000	0.000000	0.000000	0.000000	0.000000	0.000000	0.000000	0.000000
30	Y	O	0.999633	0.000043	0.000066	0.000265	0.000000	0.000000	0.000000	0.000000	0.000000	0.000000	0.000000	0.000000	0.000000	0.000000	0.000000	0.000000	0.000000	0.000000
31	P	O	0.999709	0.000035	0.000052	0.000206	0.000000	0.000000	0.000000	0.000000	0.000000	0.000000	0.000000	0.000000	0.000000	0.000000	0.000000	0.000000	0.000000	0.000000
32	T	O	0.999766	0.000028	0.000041	0.000166	0.000000	0.000000	0.000000	0.000000	0.000000	0.000000	0.000000	0.000000	0.000000	0.000000	0.000000	0.000000	0.000000	0.000000
33	A	O	0.999803	0.000023	0.000031	0.000143	0.000000	0.000000	0.000000	0.000000	0.000000	0.000000	0.000000	0.000000	0.000000	0.000000	0.000000	0.000000	0.000000	0.000000
34	S	O	0.999834	0.000019	0.000022	0.000127	0.000000	0.000000	0.000000	0.000000	0.000000	0.000000	0.000000	0.000000	0.000000	0.000000	0.000000	0.000000	0.000000	0.000000
35	G	O	0.999857	0.000016	0.000017	0.000108	0.000000	0.000000	0.000000	0.000000	0.000000	0.000000	0.000000	0.000000	0.000000	0.000000	0.000000	0.000000	0.000000	0.000000
36	S	O	0.999885	0.000013	0.000013	0.000088	0.000000	0.000000	0.000000	0.000000	0.000000	0.000000	0.000000	0.000000	0.000000	0.000000	0.000000	0.000000	0.000000	0.000000
37	Y	O	0.999905	0.000011	0.000012	0.000070	0.000000	0.000000	0.000000	0.000000	0.000000	0.000000	0.000000	0.000000	0.000000	0.000000	0.000000	0.000000	0.000000	0.000000
38	G	O	0.999921	0.000009	0.000010	0.000058	0.000000	0.000000	0.000000	0.000000	0.000000	0.000000	0.000000	0.000000	0.000000	0.000000	0.000000	0.000000	0.000000	0.000000
39	V	O	0.999937	0.000007	0.000009	0.000048	0.000000	0.000000	0.000000	0.000000	0.000000	0.000000	0.000000	0.000000	0.000000	0.000000	0.000000	0.000000	0.000000	0.000000
40	I	O	0.999942	0.000005	0.000008	0.000041	0.000000	0.000000	0.000000	0.000000	0.000000	0.000000	0.000000	0.000000	0.000000	0.000000	0.000000	0.000000	0.000000	0.000000
41	A	O	0.999952	0.000004	0.000006	0.000035	0.000000	0.000000	0.000000	0.000000	0.000000	0.000000	0.000000	0.000000	0.000000	0.000000	0.000000	0.000000	0.000000	0.000000
42	V	O	0.999960	0.000003	0.000005	0.000029	0.000000	0.000000	0.000000	0.000000	0.000000	0.000000	0.000000	0.000000	0.000000	0.000000	0.000000	0.000000	0.000000	0.000000
43	S	O	0.999964	0.000003	0.000004	0.000025	0.000000	0.000000	0.000000	0.000000	0.000000	0.000000	0.000000	0.000000	0.000000	0.000000	0.000000	0.000000	0.000000	0.000000
44	P	O	0.999965	0.000002	0.000003	0.000021	0.000000	0.000000	0.000000	0.000000	0.000000	0.000000	0.000000	0.000000	0.000000	0.000000	0.000000	0.000001	0.000000	0.000000
45	G	O	0.999970	0.000002	0.000003	0.000018	0.000000	0.000000	0.000000	0.000000	0.000000	0.000000	0.000000	0.000000	0.000000	0.000000	0.000000	0.000001	0.000000	0.000000
46	Y	O	0.999970	0.000001	0.000002	0.000016	0.000000	0.000000	0.000000	0.000000	0.000000	0.000000	0.000000	0.000000	0.000000	0.000000	0.000000	0.000001	0.000000	0.000000
47	T	O	0.999973	0.000001	0.000002	0.000013	0.000001	0.000000	0.000000	0.000000	0.000000	0.000000	0.000000	0.000000	0.000000	0.000000	0.000000	0.000001	0.000000	0.000000
48	G	O	0.999974	0.000001	0.000001	0.000011	0.000001	0.000001	0.000000	0.000001	0.000000	0.000000	0.000000	0.000000	0.000000	0.000000	0.000000	0.000002	0.000000	0.000000
49	T	O	0.999979	0.000001	0.000001	0.000009	0.000001	0.000001	0.000000	0.000001	0.000000	0.000000	0.000000	0.000000	0.000000	0.000000	0.000000	0.000002	0.000001	0.000001
50	A	O	0.999979	0.000001	0.000001	0.000007	0.000002	0.000001	0.000000	0.000001	0.000000	0.000000	0.000000	0.000000	0.000000	0.000000	0.000000	0.000003	0.000001	0.000001
51	S	O	0.999977	0.000000	0.000001	0.000006	0.000002	0.000001	0.000000	0.000002	0.000000	0.000001	0.000001	0.000000	0.000000	0.000000	0.000000	0.000004	0.000001	0.000001
52	T	O	0.999976	0.000000	0.000001	0.000004	0.000003	0.000001	0.000001	0.000002	0.000000	0.000001	0.000001	0.000000	0.000000	0.000000	0.000000	0.000006	0.000001	0.000001
53	M	O	0.999965	0.000000	0.000000	0.000003	0.000005	0.000002	0.000001	0.000004	0.000001	0.000001	0.000001	0.000001	0.000000	0.000000	0.000000	0.000008	0.000001	0.000001
54	Y	O	0.999960	0.000000	0.000000	0.000003	0.000008	0.000002	0.000001	0.000005	0.000001	0.000001	0.000001	0.000001	0.000000	0.000000	0.000000	0.000011	0.000002	0.000002
55	F	O	0.999945	0.000000	0.000000	0.000002	0.000013	0.000003	0.000001	0.000008	0.000001	0.000002	0.000002	0.000001	0.000000	0.000001	0.000001	0.000016	0.000002	0.000002
56	W	O	0.999916	0.000000	0.000000	0.000001	0.000020	0.000005	0.000001	0.000012	0.000002	0.000003	0.000002	0.000002	0.000001	0.000001	0.000001	0.000025	0.000002	0.000003
57	G	O	0.999876	0.000000	0.000000	0.000001	0.000030	0.000008	0.000001	0.000020	0.000003	0.000004	0.000004	0.000003	0.000001	0.000001	0.000001	0.000039	0.000003	0.000003
58	E	O	0.999812	0.000000	0.000000	0.000001	0.000045	0.000013	0.000002	0.000032	0.000006	0.000007	0.000005	0.000004	0.000002	0.000002	0.000001	0.000061	0.000003	0.000003
59	R	O	0.999712	0.000000	0.000000	0.000001	0.000063	0.000024	0.000002	0.000051	0.000011	0.000012	0.000008	0.000006	0.000002	0.000003	0.000002	0.000094	0.000006	0.000004
60	L	O	0.999552	0.000000	0.000000	0.000001	0.000079	0.000046	0.000003	0.000093	0.000012	0.000024	0.000013	0.000010	0.000003	0.000005	0.000003	0.000139	0.000013	0.000007
61	S	O	0.999325	0.000000	0.000000	0.000001	0.000096	0.000076	0.000004	0.000146	0.000015	0.000045	0.000024	0.000013	0.000004	0.000009	0.000005	0.000193	0.000030	0.000011
62	S	O	0.999072	0.000000	0.000000	0.000000	0.000103	0.000119	0.000008	0.000181	0.000021	0.000091	0.000038	0.000016	0.000004	0.000017	0.000006	0.000229	0.000074	0.000019
63	H	O	0.998837	0.000000	0.000000	0.000000	0.000086	0.000174	0.000018	0.000171	0.000030	0.000167	0.000057	0.000015	0.000003	0.000029	0.000008	0.000201	0.000164	0.000037
64	G	O	0.998640	0.000000	0.000000	0.000000	0.000048	0.000245	0.000022	0.000152	0.000019	0.000251	0.000090	0.000011	0.000002	0.000046	0.000009	0.000120	0.000264	0.000081
65	F	O	0.998521	0.000000	0.000000	0.000000	0.000020	0.000273	0.000048	0.000096	0.000012	0.000326	0.000129	0.000006	0.000001	0.000056	0.000015	0.000051	0.000239	0.000210
66	V	O	0.998517	0.000000	0.000000	0.000000	0.000006	0.000274	0.000056	0.000055	0.000005	0.000331	0.000208	0.000002	0.000000	0.000063	0.000018	0.000025	0.000168	0.000272
67	V	O	0.998617	0.000000	0.000000	0.000000	0.000000	0.000232	0.000088	0.000024	0.000000	0.000259	0.000309	0.000000	0.000000	0.000060	0.000029	0.000012	0.000105	0.000268
68	I	O	0.998827	0.000000	0.000000	0.000000	0.000000	0.000134	0.000142	0.000000	0.000000	0.000140	0.000378	0.000000	0.000000	0.000042	0.000049	0.000000	0.000055	0.000238
69	V	O	0.999204	0.000000	0.000000	0.000000	0.000000	0.000000	0.000175	0.000000	0.000000	0.000000	0.000359	0.000000	0.000000	0.000000	0.000082	0.000000	0.000000	0.000187
70	I	O	1.000004	0.000000	0.000000	0.000000	0.000000	0.000000	0.000000	0.000000	0.000000	0.000000	0.000000	0.000000	0.000000	0.000000	0.000000	0.000000	0.000000	0.000000
