# Name=tournament_wt_305
# pos	aa	label	Other	Sec/SPI n	Sec/SPI h	Sec/SPI c	Sec/SPII n	Sec/SPII h	Sec/SPII cys	Tat/SPI n	Tat/SPI RR	Tat/SPI h	Tat/SPI c	Tat/SPII n	Tat/SPII RR	Tat/SPII h	Tat/SPII cys	Sec/SPIII P	Sec/SPIII cons.	Sec/SPIII h
1	A	O	0.769516	0.229815	0.000000	0.000000	0.000621	0.000000	0.000000	0.000005	0.000000	0.000000	0.000000	0.000001	0.000000	0.000000	0.000000	0.000045	0.000000	0.000000
2	G	O	0.769514	0.213159	0.016655	0.000000	0.000571	0.000050	0.000000	0.000004	0.000001	0.000000	0.000000	0.000001	0.000000	0.000000	0.000000	0.000042	0.000003	0.000000
3	I	O	0.769516	0.198821	0.029627	0.001366	0.000528	0.000094	0.000000	0.000004	0.000001	0.000000	0.000000	0.000001	0.000000	0.000000	0.000000	0.000039	0.000004	0.000002
4	R	O	0.769557	0.187473	0.038493	0.003804	0.000490	0.000128	0.000003	0.000003	0.000001	0.000000	0.000000	0.000001	0.000000	0.000000	0.000000	0.000037	0.000003	0.000003
5	A	O	0.769749	0.173263	0.050746	0.005574	0.000448	0.000163	0.000007	0.000003	0.000001	0.000000	0.000000	0.000001	0.000000	0.000000	0.000000	0.000035	0.000003	0.000003
6	A	O	0.770188	0.156921	0.065470	0.006765	0.000405	0.000196	0.000010	0.000003	0.000001	0.000000	0.000000	0.000001	0.000000	0.000000	0.000000	0.000033	0.000003	0.000003
7	R	O	0.770814	0.138179	0.082676	0.007684	0.000358	0.000229	0.000013	0.000003	0.000001	0.000001	0.000000	0.000001	0.000000	0.000000	0.000000	0.000030	0.000004	0.000003
8	G	O	0.771648	0.113886	0.105619	0.008217	0.000301	0.000277	0.000010	0.000003	0.000001	0.000001	0.000000	0.000001	0.000000	0.000000	0.000000	0.000028	0.000004	0.000003
9	P	O	0.772764	0.086647	0.131679	0.008293	0.000239	0.000328	0.000011	0.000002	0.000001	0.000001	0.000000	0.000001	0.000000	0.000000	0.000000	0.000024	0.000005	0.000003
10	F	O	0.773902	0.057034	0.160060	0.008400	0.000168	0.000390	0.000009	0.000002	0.000000	0.000001	0.000000	0.000001	0.000000	0.000000	0.000000	0.000020	0.000007	0.000003
11	T	O	0.774894	0.037375	0.177685	0.009446	0.000116	0.000433	0.000009	0.000002	0.000000	0.000002	0.000000	0.000000	0.000000	0.000000	0.000000	0.000016	0.000007	0.000004
12	Y	O	0.776087	0.022452	0.190147	0.010728	0.000075	0.000462	0.000012	0.000001	0.000000	0.000002	0.000000	0.000000	0.000000	0.000001	0.000000	0.000012	0.000007	0.000005
13	S	O	0.777079	0.014318	0.193537	0.014499	0.000049	0.000475	0.000014	0.000001	0.000000	0.000002	0.000000	0.000000	0.000000	0.000001	0.000000	0.000010	0.000006	0.000005
14	T	O	0.778376	0.008220	0.193940	0.018912	0.000031	0.000474	0.000019	0.000001	0.000000	0.000002	0.000000	0.000000	0.000000	0.000001	0.000000	0.000007	0.000005	0.000005
15	V	O	0.779738	0.004318	0.189071	0.026343	0.000018	0.000465	0.000022	0.000001	0.000000	0.000002	0.000000	0.000000	0.000000	0.000001	0.000000	0.000006	0.000004	0.000004
16	A	O	0.781092	0.002379	0.174122	0.041900	0.000011	0.000446	0.000026	0.000001	0.000000	0.000002	0.000001	0.000000	0.000000	0.000001	0.000000	0.000004	0.000003	0.000004
17	V	O	0.783227	0.001247	0.152986	0.062066	0.000006	0.000415	0.000035	0.000000	0.000000	0.000002	0.000001	0.000000	0.000000	0.000001	0.000000	0.000003	0.000003	0.000003
18	S	O	0.785762	0.000728	0.116853	0.096221	0.000004	0.000373	0.000045	0.000000	0.000000	0.000002	0.000001	0.000000	0.000000	0.000001	0.000000	0.000002	0.000002	0.000003
19	A	O	0.790847	0.000406	0.084615	0.123740	0.000002	0.000319	0.000056	0.000000	0.000000	0.000001	0.000001	0.000000	0.000000	0.000000	0.000000	0.000002	0.000001	0.000002
20	A	O	0.801373	0.000204	0.059691	0.138399	0.000001	0.000237	0.000083	0.000000	0.000000	0.000001	0.000001	0.000000	0.000000	0.000000	0.000000	0.000001	0.000001	0.000002
21	A	O	0.814603	0.000119	0.033443	0.151585	0.000001	0.000176	0.000061	0.000000	0.000000	0.000001	0.000001	0.000000	0.000000	0.000000	0.000000	0.000001	0.000001	0.000001
22	T	O	0.834775	0.000086	0.013931	0.151022	0.000000	0.000113	0.000063	0.000000	0.000000	0.000000	0.000001	0.000000	0.000000	0.000000	0.000000	0.000001	0.000000	0.000001
23	G	O	0.867619	0.000066	0.005865	0.126327	0.000000	0.000066	0.000048	0.000000	0.000000	0.000000	0.000001	0.000000	0.000000	0.000000	0.000000	0.000001	0.000000	0.000000
24	G	O	0.911682	0.000050	0.003112	0.085084	0.000000	0.000038	0.000028	0.000000	0.000000	0.000000	0.000001	0.000000	0.000000	0.000000	0.000000	0.000000	0.000000	0.000000
25	T	O	0.945926	0.000036	0.001920	0.052073	0.000000	0.000024	0.000014	0.000000	0.000000	0.000000	0.000000	0.000000	0.000000	0.000000	0.000000	0.000000	0.000000	0.000000
26	F	O	0.964010	0.000026	0.001135	0.034797	0.000000	0.000016	0.000009	0.000000	0.000000	0.000000	0.000000	0.000000	0.000000	0.000000	0.000000	0.000000	0.000000	0.000000
27	G	O	0.975354	0.000020	0.000544	0.024056	0.000000	0.000009	0.000007	0.000000	0.000000	0.000000	0.000000	0.000000	0.000000	0.000000	0.000000	0.000000	0.000000	0.000000
28	G	O	0.987526	0.000016	0.000341	0.012101	0.000000	0.000004	0.000005	0.000000	0.000000	0.000000	0.000000	0.000000	0.000000	0.000000	0.000000	0.000000	0.000000	0.000000
29	G	O	0.994147	0.000013	0.000232	0.005593	0.000000	0.000002	0.000002	0.000000	0.000000	0.000000	0.000000	0.000000	0.000000	0.000000	0.000000	0.000000	0.000000	0.000000
30	T	O	0.997315	0.000011	0.000174	0.002491	0.000000	0.000001	0.000001	0.000000	0.000000	0.000000	0.000000	0.000000	0.000000	0.000000	0.000000	0.000000	0.000000	0.000000
31	V	O	0.998494	0.000008	0.000128	0.001356	0.000000	0.000001	0.000000	0.000000	0.000000	0.000000	0.000000	0.000000	0.000000	0.000000	0.000000	0.000000	0.000000	0.000000
32	Y	O	0.999073	0.000007	0.000091	0.000819	0.000000	0.000000	0.000000	0.000000	0.000000	0.000000	0.000000	0.000000	0.000000	0.000000	0.000000	0.000000	0.000000	0.000000
33	Y	O	0.999394	0.000006	0.000066	0.000520	0.000000	0.000000	0.000000	0.000000	0.000000	0.000000	0.000000	0.000000	0.000000	0.000000	0.000000	0.000000	0.000000	0.000000
34	P	O	0.999580	0.000005	0.000048	0.000357	0.000000	0.000000	0.000000	0.000000	0.000000	0.000000	0.000000	0.000000	0.000000	0.000000	0.000000	0.000000	0.000000	0.000000
35	D	O	0.999687	0.000004	0.000035	0.000264	0.000000	0.000000	0.000000	0.000000	0.000000	0.000000	0.000000	0.000000	0.000000	0.000000	0.000000	0.000001	0.000000	0.000000
36	D	O	0.999754	0.000003	0.000024	0.000209	0.000000	0.000000	0.000000	0.000000	0.000000	0.000000	0.000000	0.000000	0.000000	0.000000	0.000000	0.000001	0.000000	0.000000
37	T	O	0.999793	0.000002	0.000017	0.000173	0.000000	0.000000	0.000000	0.000000	0.000000	0.000000	0.000000	0.000000	0.000000	0.000000	0.000000	0.000001	0.000000	0.000000
38	T	O	0.999822	0.000002	0.000011	0.000149	0.000000	0.000000	0.000000	0.000000	0.000000	0.000000	0.000000	0.000000	0.000000	0.000000	0.000000	0.000002	0.000001	0.000001
39	Q	O	0.999849	0.000002	0.000007	0.000128	0.000001	0.000001	0.000000	0.000001	0.000000	0.000000	0.000000	0.000000	0.000000	0.000000	0.000000	0.000002	0.000001	0.000001
40	G	O	0.999873	0.000001	0.000005	0.000108	0.000001	0.000001	0.000000	0.000001	0.000000	0.000000	0.000000	0.000000	0.000000	0.000000	0.000000	0.000003	0.000001	0.000001
41	T	O	0.999894	0.000001	0.000003	0.000086	0.000001	0.000001	0.000001	0.000001	0.000000	0.000001	0.000001	0.000000	0.000000	0.000000	0.000000	0.000003	0.000001	0.000001
42	F	O	0.999915	0.000001	0.000002	0.000067	0.000001	0.000001	0.000001	0.000001	0.000000	0.000001	0.000001	0.000000	0.000000	0.000000	0.000000	0.000003	0.000002	0.000002
43	G	O	0.999926	0.000001	0.000002	0.000053	0.000001	0.000002	0.000001	0.000001	0.000000	0.000001	0.000001	0.000000	0.000000	0.000000	0.000000	0.000004	0.000002	0.000002
44	G	O	0.999934	0.000001	0.000001	0.000039	0.000001	0.000002	0.000001	0.000002	0.000000	0.000001	0.000001	0.000000	0.000000	0.000000	0.000000	0.000004	0.000002	0.000002
45	I	O	0.999949	0.000000	0.000001	0.000029	0.000001	0.000002	0.000001	0.000002	0.000000	0.000001	0.000002	0.000000	0.000000	0.000000	0.000000	0.000005	0.000002	0.000003
46	A	O	0.999948	0.000000	0.000001	0.000021	0.000001	0.000002	0.000001	0.000003	0.000000	0.000002	0.000002	0.000000	0.000000	0.000000	0.000000	0.000006	0.000003	0.000003
47	V	O	0.999950	0.000000	0.000001	0.000016	0.000001	0.000003	0.000001	0.000003	0.000000	0.000002	0.000003	0.000000	0.000000	0.000000	0.000000	0.000007	0.000003	0.000004
48	S	O	0.999952	0.000000	0.000000	0.000012	0.000001	0.000003	0.000002	0.000004	0.000001	0.000003	0.000004	0.000000	0.000000	0.000000	0.000001	0.000008	0.000004	0.000004
49	P	O	0.999951	0.000000	0.000000	0.000009	0.000002	0.000003	0.000002	0.000006	0.000001	0.000004	0.000005	0.000000	0.000000	0.000000	0.000001	0.000010	0.000005	0.000005
50	G	O	0.999942	0.000000	0.000000	0.000006	0.000002	0.000003	0.000002	0.000007	0.000001	0.000005	0.000006	0.000000	0.000000	0.000001	0.000001	0.000011	0.000005	0.000006
51	Y	O	0.999934	0.000000	0.000000	0.000005	0.000003	0.000004	0.000002	0.000010	0.000001	0.000006	0.000008	0.000000	0.000000	0.000001	0.000001	0.000014	0.000006	0.000007
52	N	O	0.999919	0.000000	0.000000	0.000003	0.000004	0.000005	0.000003	0.000013	0.000002	0.000007	0.000010	0.000000	0.000000	0.000001	0.000001	0.000017	0.000007	0.000008
53	A	O	0.999907	0.000000	0.000000	0.000002	0.000004	0.000005	0.000003	0.000017	0.000002	0.000010	0.000012	0.000001	0.000000	0.000001	0.000002	0.000021	0.000009	0.000009
54	P	O	0.999874	0.000000	0.000000	0.000002	0.000006	0.000007	0.000004	0.000025	0.000003	0.000012	0.000017	0.000001	0.000000	0.000002	0.000002	0.000026	0.000011	0.000012
55	E	O	0.999837	0.000000	0.000000	0.000001	0.000008	0.000008	0.000005	0.000035	0.000005	0.000018	0.000022	0.000001	0.000000	0.000002	0.000003	0.000033	0.000013	0.000015
56	S	O	0.999781	0.000000	0.000000	0.000001	0.000010	0.000011	0.000006	0.000050	0.000006	0.000025	0.000030	0.000002	0.000001	0.000003	0.000004	0.000043	0.000017	0.000018
57	K	O	0.999705	0.000000	0.000000	0.000001	0.000014	0.000014	0.000008	0.000070	0.000010	0.000035	0.000043	0.000002	0.000001	0.000004	0.000006	0.000056	0.000020	0.000023
58	V	O	0.999610	0.000000	0.000000	0.000001	0.000017	0.000019	0.000009	0.000096	0.000013	0.000052	0.000055	0.000003	0.000001	0.000006	0.000007	0.000068	0.000026	0.000027
59	A	O	0.999481	0.000000	0.000000	0.000000	0.000021	0.000025	0.000010	0.000133	0.000017	0.000073	0.000077	0.000003	0.000001	0.000008	0.000010	0.000085	0.000032	0.000034
60	W	O	0.999309	0.000000	0.000000	0.000000	0.000025	0.000032	0.000014	0.000182	0.000019	0.000107	0.000105	0.000004	0.000001	0.000010	0.000013	0.000106	0.000042	0.000042
61	L	O	0.999103	0.000000	0.000000	0.000000	0.000029	0.000041	0.000017	0.000221	0.000029	0.000156	0.000145	0.000005	0.000002	0.000014	0.000016	0.000127	0.000055	0.000053
62	G	O	0.998818	0.000000	0.000000	0.000000	0.000035	0.000051	0.000021	0.000283	0.000036	0.000202	0.000220	0.000007	0.000002	0.000018	0.000024	0.000162	0.000064	0.000069
63	P	O	0.998482	0.000000	0.000000	0.000000	0.000041	0.000064	0.000025	0.000351	0.000041	0.000264	0.000315	0.000008	0.000002	0.000025	0.000028	0.000202	0.000080	0.000081
64	R	O	0.998043	0.000000	0.000000	0.000000	0.000044	0.000082	0.000033	0.000397	0.000061	0.000354	0.000459	0.000008	0.000002	0.000036	0.000040	0.000241	0.000110	0.000100
65	L	O	0.997555	0.000000	0.000000	0.000000	0.000031	0.000111	0.000040	0.000447	0.000037	0.000515	0.000610	0.000007	0.000001	0.000050	0.000060	0.000237	0.000168	0.000135
66	A	O	0.997084	0.000000	0.000000	0.000000	0.000015	0.000137	0.000050	0.000378	0.000021	0.000674	0.000879	0.000004	0.000000	0.000064	0.000089	0.000207	0.000209	0.000195
67	S	O	0.996773	0.000000	0.000000	0.000000	0.000000	0.000138	0.000076	0.000206	0.000000	0.000745	0.001247	0.000000	0.000000	0.000070	0.000124	0.000128	0.000242	0.000254
68	Q	O	0.996852	0.000000	0.000000	0.000000	0.000000	0.000097	0.000116	0.000000	0.000000	0.000559	0.001614	0.000000	0.000000	0.000064	0.000150	0.000000	0.000233	0.000316
69	G	O	0.997301	0.000000	0.000000	0.000000	0.000000	0.000000	0.000187	0.000000	0.000000	0.000000	0.001845	0.000000	0.000000	0.000000	0.000265	0.000000	0.000000	0.000407
70	F	O	0.999998	0.000000	0.000000	0.000000	0.000000	0.000000	0.000000	0.000000	0.000000	0.000000	0.000000	0.000000	0.000000	0.000000	0.000000	0.000000	0.000000	0.000000
