# Name=tournament_wt_127
# pos	aa	label	Other	Sec/SPI n	Sec/SPI h	Sec/SPI c	Sec/SPII n	Sec/SPII h	Sec/SPII cys	Tat/SPI n	Tat/SPI RR	Tat/SPI h	Tat/SPI c	Tat/SPII n	Tat/SPII RR	Tat/SPII h	Tat/SPII cys	Sec/SPIII P	Sec/SPIII cons.	Sec/SPIII h
1	G	O	0.985544	0.014339	0.000000	0.000000	0.000079	0.000000	0.000000	0.000000	0.000000	0.000000	0.000000	0.000000	0.000000	0.000000	0.000000	0.000009	0.000000	0.000000
2	M	O	0.985544	0.010913	0.003426	0.000000	0.000059	0.000020	0.000000	0.000000	0.000000	0.000000	0.000000	0.000000	0.000000	0.000000	0.000000	0.000007	0.000001	0.000000
3	I	O	0.985549	0.008145	0.005426	0.000768	0.000044	0.000035	0.000000	0.000000	0.000000	0.000000	0.000000	0.000000	0.000000	0.000000	0.000000	0.000006	0.000002	0.000001
4	E	O	0.985596	0.006253	0.005818	0.002229	0.000033	0.000041	0.000005	0.000000	0.000000	0.000000	0.000000	0.000000	0.000000	0.000000	0.000000	0.000005	0.000001	0.000001
5	A	O	0.985747	0.004758	0.005792	0.003601	0.000025	0.000042	0.000008	0.000000	0.000000	0.000000	0.000000	0.000000	0.000000	0.000000	0.000000	0.000005	0.000001	0.000001
6	T	O	0.986011	0.003711	0.005141	0.005042	0.000019	0.000040	0.000008	0.000000	0.000000	0.000000	0.000000	0.000000	0.000000	0.000000	0.000000	0.000004	0.000001	0.000001
7	R	O	0.986344	0.002881	0.004298	0.006391	0.000014	0.000034	0.000010	0.000000	0.000000	0.000000	0.000000	0.000000	0.000000	0.000000	0.000000	0.000003	0.000001	0.000001
8	G	O	0.986813	0.002190	0.003580	0.007342	0.000010	0.000029	0.000009	0.000000	0.000000	0.000000	0.000000	0.000000	0.000000	0.000000	0.000000	0.000003	0.000001	0.000001
9	P	O	0.987462	0.001674	0.002922	0.007879	0.000008	0.000024	0.000008	0.000000	0.000000	0.000000	0.000000	0.000000	0.000000	0.000000	0.000000	0.000002	0.000001	0.000001
10	F	O	0.988270	0.001228	0.002483	0.007960	0.000005	0.000020	0.000007	0.000000	0.000000	0.000000	0.000000	0.000000	0.000000	0.000000	0.000000	0.000002	0.000001	0.000001
11	A	O	0.989159	0.000928	0.001934	0.007932	0.000004	0.000017	0.000005	0.000000	0.000000	0.000000	0.000000	0.000000	0.000000	0.000000	0.000000	0.000001	0.000001	0.000001
12	T	O	0.990392	0.000686	0.001607	0.007272	0.000002	0.000013	0.000005	0.000000	0.000000	0.000000	0.000000	0.000000	0.000000	0.000000	0.000000	0.000001	0.000000	0.000001
13	A	O	0.991887	0.000501	0.001366	0.006211	0.000002	0.000010	0.000004	0.000000	0.000000	0.000000	0.000000	0.000000	0.000000	0.000000	0.000000	0.000001	0.000000	0.000000
14	Q	O	0.993452	0.000362	0.001177	0.004979	0.000001	0.000007	0.000003	0.000000	0.000000	0.000000	0.000000	0.000000	0.000000	0.000000	0.000000	0.000001	0.000000	0.000000
15	V	O	0.994611	0.000256	0.000976	0.004127	0.000001	0.000005	0.000002	0.000000	0.000000	0.000000	0.000000	0.000000	0.000000	0.000000	0.000000	0.000000	0.000000	0.000000
16	A	O	0.995516	0.000183	0.000757	0.003517	0.000000	0.000004	0.000001	0.000000	0.000000	0.000000	0.000000	0.000000	0.000000	0.000000	0.000000	0.000000	0.000000	0.000000
17	M	O	0.996267	0.000130	0.000565	0.003019	0.000000	0.000003	0.000001	0.000000	0.000000	0.000000	0.000000	0.000000	0.000000	0.000000	0.000000	0.000000	0.000000	0.000000
18	P	O	0.996880	0.000092	0.000395	0.002611	0.000000	0.000002	0.000001	0.000000	0.000000	0.000000	0.000000	0.000000	0.000000	0.000000	0.000000	0.000000	0.000000	0.000000
19	T	O	0.997438	0.000065	0.000275	0.002201	0.000000	0.000001	0.000001	0.000000	0.000000	0.000000	0.000000	0.000000	0.000000	0.000000	0.000000	0.000000	0.000000	0.000000
20	G	O	0.997903	0.000046	0.000178	0.001855	0.000000	0.000001	0.000000	0.000000	0.000000	0.000000	0.000000	0.000000	0.000000	0.000000	0.000000	0.000000	0.000000	0.000000
21	H	O	0.998306	0.000035	0.000106	0.001539	0.000000	0.000001	0.000000	0.000000	0.000000	0.000000	0.000000	0.000000	0.000000	0.000000	0.000000	0.000000	0.000000	0.000000
22	G	O	0.998724	0.000027	0.000066	0.001168	0.000000	0.000000	0.000000	0.000000	0.000000	0.000000	0.000000	0.000000	0.000000	0.000000	0.000000	0.000000	0.000000	0.000000
23	F	O	0.999119	0.000021	0.000046	0.000798	0.000000	0.000000	0.000000	0.000000	0.000000	0.000000	0.000000	0.000000	0.000000	0.000000	0.000000	0.000000	0.000000	0.000000
24	G	O	0.999402	0.000017	0.000030	0.000536	0.000000	0.000000	0.000000	0.000000	0.000000	0.000000	0.000000	0.000000	0.000000	0.000000	0.000000	0.000000	0.000000	0.000000
25	G	O	0.999626	0.000014	0.000022	0.000323	0.000000	0.000000	0.000000	0.000000	0.000000	0.000000	0.000000	0.000000	0.000000	0.000000	0.000000	0.000000	0.000000	0.000000
26	G	O	0.999774	0.000011	0.000017	0.000185	0.000000	0.000000	0.000000	0.000000	0.000000	0.000000	0.000000	0.000000	0.000000	0.000000	0.000000	0.000000	0.000000	0.000000
27	M	O	0.999858	0.000009	0.000014	0.000102	0.000000	0.000000	0.000000	0.000000	0.000000	0.000000	0.000000	0.000000	0.000000	0.000000	0.000000	0.000000	0.000000	0.000000
28	I	O	0.999902	0.000008	0.000012	0.000062	0.000000	0.000000	0.000000	0.000000	0.000000	0.000000	0.000000	0.000000	0.000000	0.000000	0.000000	0.000000	0.000000	0.000000
29	Y	O	0.999929	0.000006	0.000010	0.000041	0.000000	0.000000	0.000000	0.000000	0.000000	0.000000	0.000000	0.000000	0.000000	0.000000	0.000000	0.000000	0.000000	0.000000
30	Y	O	0.999945	0.000005	0.000008	0.000030	0.000000	0.000000	0.000000	0.000000	0.000000	0.000000	0.000000	0.000000	0.000000	0.000000	0.000000	0.000000	0.000000	0.000000
31	P	O	0.999956	0.000004	0.000007	0.000023	0.000000	0.000000	0.000000	0.000000	0.000000	0.000000	0.000000	0.000000	0.000000	0.000000	0.000000	0.000000	0.000000	0.000000
32	T	O	0.999958	0.000004	0.000006	0.000019	0.000000	0.000000	0.000000	0.000000	0.000000	0.000000	0.000000	0.000000	0.000000	0.000000	0.000000	0.000000	0.000000	0.000000
33	D	O	0.999963	0.000003	0.000004	0.000017	0.000000	0.000000	0.000000	0.000000	0.000000	0.000000	0.000000	0.000000	0.000000	0.000000	0.000000	0.000000	0.000000	0.000000
34	T	O	0.999964	0.000002	0.000003	0.000015	0.000000	0.000000	0.000000	0.000000	0.000000	0.000000	0.000000	0.000000	0.000000	0.000000	0.000000	0.000000	0.000000	0.000000
35	S	O	0.999971	0.000002	0.000002	0.000014	0.000000	0.000000	0.000000	0.000000	0.000000	0.000000	0.000000	0.000000	0.000000	0.000000	0.000000	0.000000	0.000000	0.000000
36	Q	O	0.999971	0.000002	0.000002	0.000013	0.000000	0.000000	0.000000	0.000000	0.000000	0.000000	0.000000	0.000000	0.000000	0.000000	0.000000	0.000000	0.000000	0.000000
37	G	O	0.999975	0.000002	0.000001	0.000011	0.000000	0.000000	0.000000	0.000000	0.000000	0.000000	0.000000	0.000000	0.000000	0.000000	0.000000	0.000000	0.000000	0.000000
38	T	O	0.999979	0.000001	0.000001	0.000009	0.000000	0.000000	0.000000	0.000000	0.000000	0.000000	0.000000	0.000000	0.000000	0.000000	0.000000	0.000000	0.000000	0.000000
39	W	O	0.999985	0.000001	0.000001	0.000007	0.000000	0.000000	0.000000	0.000000	0.000000	0.000000	0.000000	0.000000	0.000000	0.000000	0.000000	0.000000	0.000000	0.000000
40	G	O	0.999983	0.000001	0.000001	0.000006	0.000000	0.000000	0.000000	0.000000	0.000000	0.000000	0.000000	0.000000	0.000000	0.000000	0.000000	0.000000	0.000000	0.000000
41	V	O	0.999992	0.000001	0.000001	0.000005	0.000000	0.000000	0.000000	0.000000	0.000000	0.000000	0.000000	0.000000	0.000000	0.000000	0.000000	0.000000	0.000000	0.000000
42	L	O	0.999990	0.000001	0.000001	0.000004	0.000000	0.000000	0.000000	0.000000	0.000000	0.000000	0.000000	0.000000	0.000000	0.000000	0.000000	0.000000	0.000000	0.000000
43	A	O	0.999991	0.000000	0.000001	0.000003	0.000000	0.000000	0.000000	0.000000	0.000000	0.000000	0.000000	0.000000	0.000000	0.000000	0.000000	0.000000	0.000000	0.000000
44	I	O	0.999992	0.000000	0.000001	0.000003	0.000000	0.000000	0.000000	0.000000	0.000000	0.000000	0.000000	0.000000	0.000000	0.000000	0.000000	0.000000	0.000000	0.000000
45	V	O	0.999990	0.000000	0.000001	0.000002	0.000000	0.000000	0.000000	0.000000	0.000000	0.000000	0.000000	0.000000	0.000000	0.000000	0.000000	0.000000	0.000000	0.000000
46	P	O	0.999992	0.000000	0.000000	0.000002	0.000000	0.000000	0.000000	0.000000	0.000000	0.000000	0.000000	0.000000	0.000000	0.000000	0.000000	0.000000	0.000000	0.000000
47	G	O	0.999992	0.000000	0.000000	0.000002	0.000000	0.000000	0.000000	0.000000	0.000000	0.000000	0.000000	0.000000	0.000000	0.000000	0.000000	0.000000	0.000000	0.000000
48	Y	O	0.999992	0.000000	0.000000	0.000002	0.000000	0.000000	0.000000	0.000000	0.000000	0.000000	0.000000	0.000000	0.000000	0.000000	0.000000	0.000001	0.000000	0.000000
49	S	O	0.999993	0.000000	0.000000	0.000002	0.000001	0.000000	0.000000	0.000000	0.000000	0.000000	0.000000	0.000000	0.000000	0.000000	0.000000	0.000001	0.000000	0.000000
50	A	O	0.999993	0.000000	0.000000	0.000002	0.000001	0.000000	0.000000	0.000001	0.000000	0.000000	0.000000	0.000000	0.000000	0.000000	0.000000	0.000001	0.000000	0.000000
51	L	O	0.999991	0.000000	0.000000	0.000001	0.000001	0.000000	0.000000	0.000001	0.000000	0.000000	0.000000	0.000000	0.000000	0.000000	0.000000	0.000001	0.000000	0.000000
52	F	O	0.999989	0.000000	0.000000	0.000001	0.000002	0.000001	0.000000	0.000001	0.000000	0.000000	0.000000	0.000000	0.000000	0.000000	0.000000	0.000002	0.000000	0.000000
53	A	O	0.999987	0.000000	0.000000	0.000001	0.000002	0.000001	0.000000	0.000002	0.000000	0.000000	0.000000	0.000000	0.000000	0.000000	0.000000	0.000002	0.000000	0.000000
54	D	O	0.999982	0.000000	0.000000	0.000001	0.000003	0.000001	0.000000	0.000003	0.000001	0.000000	0.000000	0.000000	0.000000	0.000000	0.000000	0.000003	0.000000	0.000000
55	E	O	0.999979	0.000000	0.000000	0.000000	0.000005	0.000001	0.000000	0.000004	0.000001	0.000001	0.000000	0.000001	0.000000	0.000000	0.000000	0.000005	0.000000	0.000000
56	E	O	0.999963	0.000000	0.000000	0.000000	0.000008	0.000002	0.000000	0.000008	0.000001	0.000001	0.000001	0.000001	0.000000	0.000000	0.000000	0.000007	0.000001	0.000001
57	A	O	0.999945	0.000000	0.000000	0.000000	0.000011	0.000004	0.000000	0.000014	0.000002	0.000002	0.000001	0.000001	0.000000	0.000000	0.000000	0.000010	0.000001	0.000001
58	W	O	0.999919	0.000000	0.000000	0.000000	0.000015	0.000007	0.000000	0.000023	0.000003	0.000005	0.000002	0.000002	0.000001	0.000001	0.000000	0.000014	0.000002	0.000001
59	M	O	0.999886	0.000000	0.000000	0.000000	0.000017	0.000013	0.000001	0.000032	0.000005	0.000011	0.000003	0.000002	0.000001	0.000002	0.000001	0.000017	0.000006	0.000002
60	G	O	0.999842	0.000000	0.000000	0.000000	0.000020	0.000021	0.000002	0.000037	0.000009	0.000019	0.000006	0.000003	0.000001	0.000003	0.000001	0.000019	0.000010	0.000003
61	P	O	0.999802	0.000000	0.000000	0.000000	0.000021	0.000030	0.000003	0.000044	0.000008	0.000031	0.000009	0.000003	0.000001	0.000005	0.000001	0.000020	0.000015	0.000006
62	W	O	0.999763	0.000000	0.000000	0.000000	0.000015	0.000045	0.000003	0.000043	0.000006	0.000051	0.000012	0.000003	0.000001	0.000007	0.000001	0.000017	0.000022	0.000009
63	L	O	0.999730	0.000000	0.000000	0.000000	0.000009	0.000058	0.000004	0.000034	0.000006	0.000069	0.000019	0.000002	0.000001	0.000009	0.000002	0.000012	0.000026	0.000014
64	S	O	0.999702	0.000000	0.000000	0.000000	0.000007	0.000066	0.000006	0.000029	0.000003	0.000076	0.000033	0.000002	0.000000	0.000011	0.000003	0.000010	0.000023	0.000022
65	S	O	0.999692	0.000000	0.000000	0.000000	0.000005	0.000069	0.000012	0.000020	0.000002	0.000078	0.000050	0.000001	0.000000	0.000013	0.000003	0.000008	0.000021	0.000025
66	F	O	0.999700	0.000000	0.000000	0.000000	0.000001	0.000064	0.000020	0.000009	0.000001	0.000070	0.000067	0.000000	0.000000	0.000014	0.000004	0.000004	0.000017	0.000027
67	G	O	0.999724	0.000000	0.000000	0.000000	0.000000	0.000058	0.000018	0.000004	0.000000	0.000043	0.000096	0.000000	0.000000	0.000014	0.000005	0.000003	0.000014	0.000024
68	F	O	0.999768	0.000000	0.000000	0.000000	0.000000	0.000030	0.000040	0.000000	0.000000	0.000021	0.000089	0.000000	0.000000	0.000010	0.000011	0.000000	0.000010	0.000026
69	V	O	0.999837	0.000000	0.000000	0.000000	0.000000	0.000000	0.000043	0.000000	0.000000	0.000000	0.000075	0.000000	0.000000	0.000000	0.000021	0.000000	0.000000	0.000028
70	V	O	0.999999	0.000000	0.000000	0.000000	0.000000	0.000000	0.000000	0.000000	0.000000	0.000000	0.000000	0.000000	0.000000	0.000000	0.000000	0.000000	0.000000	0.000000
