# Name=tournament_wt_124
# pos	aa	label	Other	Sec/SPI n	Sec/SPI h	Sec/SPI c	Sec/SPII n	Sec/SPII h	Sec/SPII cys	Tat/SPI n	Tat/SPI RR	Tat/SPI h	Tat/SPI c	Tat/SPII n	Tat/SPII RR	Tat/SPII h	Tat/SPII cys	Sec/SPIII P	Sec/SPIII cons.	Sec/SPIII h
1	A	O	0.995051	0.004556	0.000000	0.000000	0.000331	0.000000	0.000000	0.000002	0.000000	0.000000	0.000000	0.000000	0.000000	0.000000	0.000000	0.000050	0.000000	0.000000
2	S	O	0.995060	0.003439	0.001117	0.000000	0.000241	0.000089	0.000000	0.000001	0.000000	0.000000	0.000000	0.000000	0.000000	0.000000	0.000000	0.000042	0.000008	0.000000
3	V	O	0.995067	0.002537	0.001800	0.000218	0.000170	0.000160	0.000000	0.000001	0.000000	0.000001	0.000000	0.000000	0.000000	0.000000	0.000000	0.000035	0.000010	0.000006
4	T	O	0.995080	0.001950	0.001958	0.000644	0.000121	0.000197	0.000013	0.000001	0.000000	0.000001	0.000000	0.000000	0.000000	0.000000	0.000000	0.000029	0.000008	0.000008
5	A	O	0.995118	0.001519	0.001898	0.001121	0.000087	0.000202	0.000028	0.000000	0.000000	0.000000	0.000000	0.000000	0.000000	0.000000	0.000000	0.000025	0.000007	0.000008
6	A	O	0.995191	0.001203	0.001749	0.001551	0.000062	0.000184	0.000042	0.000000	0.000000	0.000000	0.000000	0.000000	0.000000	0.000000	0.000000	0.000020	0.000006	0.000007
7	L	O	0.995307	0.000957	0.001575	0.001906	0.000044	0.000158	0.000045	0.000000	0.000000	0.000000	0.000000	0.000000	0.000000	0.000000	0.000000	0.000017	0.000006	0.000006
8	G	O	0.995438	0.000779	0.001327	0.002250	0.000032	0.000133	0.000038	0.000000	0.000000	0.000000	0.000000	0.000000	0.000000	0.000000	0.000000	0.000014	0.000005	0.000005
9	P	O	0.995595	0.000639	0.001105	0.002496	0.000023	0.000103	0.000038	0.000000	0.000000	0.000000	0.000000	0.000000	0.000000	0.000000	0.000000	0.000011	0.000004	0.000004
10	H	O	0.995784	0.000521	0.000931	0.002637	0.000017	0.000077	0.000033	0.000000	0.000000	0.000000	0.000000	0.000000	0.000000	0.000000	0.000000	0.000009	0.000003	0.000004
11	A	O	0.996014	0.000425	0.000789	0.002683	0.000012	0.000059	0.000023	0.000000	0.000000	0.000000	0.000000	0.000000	0.000000	0.000000	0.000000	0.000007	0.000003	0.000003
12	V	O	0.996291	0.000347	0.000681	0.002613	0.000008	0.000046	0.000017	0.000000	0.000000	0.000000	0.000000	0.000000	0.000000	0.000000	0.000000	0.000005	0.000002	0.000003
13	T	O	0.996555	0.000292	0.000547	0.002557	0.000006	0.000036	0.000012	0.000000	0.000000	0.000000	0.000000	0.000000	0.000000	0.000000	0.000000	0.000004	0.000002	0.000002
14	T	O	0.996852	0.000248	0.000442	0.002428	0.000004	0.000026	0.000011	0.000000	0.000000	0.000000	0.000000	0.000000	0.000000	0.000000	0.000000	0.000003	0.000002	0.000002
15	A	O	0.997193	0.000213	0.000364	0.002208	0.000003	0.000019	0.000009	0.000000	0.000000	0.000000	0.000000	0.000000	0.000000	0.000000	0.000000	0.000003	0.000001	0.000001
16	A	O	0.997570	0.000183	0.000305	0.001928	0.000002	0.000013	0.000006	0.000000	0.000000	0.000000	0.000000	0.000000	0.000000	0.000000	0.000000	0.000002	0.000001	0.000001
17	V	O	0.997916	0.000156	0.000261	0.001666	0.000001	0.000009	0.000004	0.000000	0.000000	0.000000	0.000000	0.000000	0.000000	0.000000	0.000000	0.000001	0.000001	0.000001
18	R	O	0.998168	0.000135	0.000214	0.001486	0.000001	0.000006	0.000003	0.000000	0.000000	0.000000	0.000000	0.000000	0.000000	0.000000	0.000000	0.000001	0.000001	0.000001
19	R	O	0.998407	0.000116	0.000180	0.001306	0.000001	0.000004	0.000003	0.000000	0.000000	0.000000	0.000000	0.000000	0.000000	0.000000	0.000000	0.000001	0.000000	0.000001
20	A	O	0.998628	0.000098	0.000159	0.001127	0.000001	0.000003	0.000001	0.000000	0.000000	0.000000	0.000000	0.000000	0.000000	0.000000	0.000000	0.000001	0.000000	0.000000
21	E	O	0.998792	0.000082	0.000139	0.000998	0.000000	0.000002	0.000001	0.000000	0.000000	0.000000	0.000000	0.000000	0.000000	0.000000	0.000000	0.000001	0.000000	0.000000
22	V	O	0.998927	0.000067	0.000120	0.000905	0.000000	0.000002	0.000001	0.000000	0.000000	0.000000	0.000000	0.000000	0.000000	0.000000	0.000000	0.000000	0.000000	0.000000
23	T	O	0.999036	0.000057	0.000100	0.000824	0.000000	0.000001	0.000000	0.000000	0.000000	0.000000	0.000000	0.000000	0.000000	0.000000	0.000000	0.000000	0.000000	0.000000
24	G	O	0.999139	0.000048	0.000084	0.000744	0.000000	0.000001	0.000000	0.000000	0.000000	0.000000	0.000000	0.000000	0.000000	0.000000	0.000000	0.000000	0.000000	0.000000
25	F	O	0.999265	0.000040	0.000075	0.000636	0.000000	0.000001	0.000000	0.000000	0.000000	0.000000	0.000000	0.000000	0.000000	0.000000	0.000000	0.000000	0.000000	0.000000
26	G	O	0.999363	0.000033	0.000066	0.000555	0.000000	0.000001	0.000000	0.000000	0.000000	0.000000	0.000000	0.000000	0.000000	0.000000	0.000000	0.000000	0.000000	0.000000
27	G	O	0.999457	0.000026	0.000061	0.000477	0.000000	0.000000	0.000000	0.000000	0.000000	0.000000	0.000000	0.000000	0.000000	0.000000	0.000000	0.000000	0.000000	0.000000
28	G	O	0.999532	0.000020	0.000056	0.000412	0.000000	0.000000	0.000000	0.000000	0.000000	0.000000	0.000000	0.000000	0.000000	0.000000	0.000000	0.000000	0.000000	0.000000
29	T	O	0.999588	0.000015	0.000050	0.000364	0.000000	0.000000	0.000000	0.000000	0.000000	0.000000	0.000000	0.000000	0.000000	0.000000	0.000000	0.000000	0.000000	0.000000
30	L	O	0.999634	0.000011	0.000044	0.000330	0.000000	0.000000	0.000000	0.000000	0.000000	0.000000	0.000000	0.000000	0.000000	0.000000	0.000000	0.000000	0.000000	0.000000
31	F	O	0.999670	0.000008	0.000035	0.000306	0.000000	0.000000	0.000000	0.000000	0.000000	0.000000	0.000000	0.000000	0.000000	0.000000	0.000000	0.000000	0.000000	0.000000
32	A	O	0.999696	0.000006	0.000026	0.000290	0.000000	0.000000	0.000000	0.000000	0.000000	0.000000	0.000000	0.000000	0.000000	0.000000	0.000000	0.000000	0.000000	0.000000
33	P	O	0.999721	0.000005	0.000018	0.000275	0.000000	0.000000	0.000000	0.000000	0.000000	0.000000	0.000000	0.000000	0.000000	0.000000	0.000000	0.000000	0.000000	0.000000
34	A	O	0.999746	0.000004	0.000012	0.000257	0.000000	0.000000	0.000000	0.000000	0.000000	0.000000	0.000000	0.000000	0.000000	0.000000	0.000000	0.000000	0.000000	0.000000
35	D	O	0.999770	0.000003	0.000007	0.000240	0.000000	0.000000	0.000000	0.000000	0.000000	0.000000	0.000000	0.000000	0.000000	0.000000	0.000000	0.000000	0.000000	0.000000
36	A	O	0.999801	0.000003	0.000004	0.000215	0.000000	0.000000	0.000000	0.000000	0.000000	0.000000	0.000000	0.000000	0.000000	0.000000	0.000000	0.000000	0.000000	0.000000
37	A	O	0.999840	0.000002	0.000003	0.000175	0.000000	0.000000	0.000000	0.000000	0.000000	0.000000	0.000000	0.000000	0.000000	0.000000	0.000000	0.000000	0.000000	0.000000
38	G	O	0.999879	0.000002	0.000003	0.000138	0.000000	0.000000	0.000000	0.000000	0.000000	0.000000	0.000000	0.000000	0.000000	0.000000	0.000000	0.000000	0.000000	0.000000
39	G	O	0.999919	0.000002	0.000002	0.000104	0.000000	0.000000	0.000000	0.000000	0.000000	0.000000	0.000000	0.000000	0.000000	0.000000	0.000000	0.000000	0.000000	0.000000
40	P	O	0.999941	0.000001	0.000002	0.000080	0.000000	0.000000	0.000000	0.000000	0.000000	0.000000	0.000000	0.000000	0.000000	0.000000	0.000000	0.000000	0.000000	0.000000
41	Y	O	0.999960	0.000001	0.000002	0.000063	0.000000	0.000000	0.000000	0.000000	0.000000	0.000000	0.000000	0.000000	0.000000	0.000000	0.000000	0.000000	0.000000	0.000000
42	G	O	0.999971	0.000001	0.000002	0.000052	0.000000	0.000000	0.000000	0.000000	0.000000	0.000000	0.000000	0.000000	0.000000	0.000000	0.000000	0.000000	0.000000	0.000000
43	V	O	0.999980	0.000001	0.000001	0.000043	0.000000	0.000000	0.000000	0.000000	0.000000	0.000000	0.000000	0.000000	0.000000	0.000000	0.000000	0.000000	0.000000	0.000000
44	V	O	0.999980	0.000001	0.000001	0.000037	0.000000	0.000000	0.000000	0.000000	0.000000	0.000000	0.000000	0.000000	0.000000	0.000000	0.000000	0.000000	0.000000	0.000000
45	A	O	0.999988	0.000000	0.000001	0.000032	0.000000	0.000000	0.000000	0.000000	0.000000	0.000000	0.000000	0.000000	0.000000	0.000000	0.000000	0.000000	0.000000	0.000000
46	V	O	0.999992	0.000000	0.000001	0.000027	0.000000	0.000000	0.000000	0.000000	0.000000	0.000000	0.000000	0.000000	0.000000	0.000000	0.000000	0.000000	0.000000	0.000000
47	A	O	1.000001	0.000000	0.000001	0.000023	0.000000	0.000000	0.000000	0.000000	0.000000	0.000000	0.000000	0.000000	0.000000	0.000000	0.000000	0.000001	0.000000	0.000000
48	P	O	1.000004	0.000000	0.000001	0.000019	0.000000	0.000000	0.000000	0.000000	0.000000	0.000000	0.000000	0.000000	0.000000	0.000000	0.000000	0.000001	0.000000	0.000000
49	G	O	1.000011	0.000000	0.000000	0.000017	0.000000	0.000000	0.000000	0.000001	0.000000	0.000000	0.000000	0.000000	0.000000	0.000000	0.000000	0.000001	0.000000	0.000000
50	F	O	1.000010	0.000000	0.000000	0.000014	0.000000	0.000000	0.000000	0.000001	0.000000	0.000000	0.000000	0.000000	0.000000	0.000000	0.000000	0.000001	0.000000	0.000000
51	R	O	1.000010	0.000000	0.000000	0.000012	0.000000	0.000000	0.000000	0.000001	0.000000	0.000000	0.000001	0.000000	0.000000	0.000000	0.000000	0.000001	0.000000	0.000000
52	E	O	1.000008	0.000000	0.000000	0.000010	0.000000	0.000000	0.000000	0.000001	0.000000	0.000001	0.000001	0.000000	0.000000	0.000000	0.000000	0.000001	0.000000	0.000000
53	G	O	1.000010	0.000000	0.000000	0.000009	0.000000	0.000000	0.000000	0.000002	0.000000	0.000001	0.000001	0.000000	0.000000	0.000000	0.000000	0.000001	0.000000	0.000001
54	A	O	1.000014	0.000000	0.000000	0.000007	0.000001	0.000001	0.000000	0.000002	0.000000	0.000001	0.000001	0.000000	0.000000	0.000000	0.000000	0.000002	0.000001	0.000001
55	A	O	1.000010	0.000000	0.000000	0.000006	0.000001	0.000001	0.000000	0.000003	0.000000	0.000001	0.000002	0.000000	0.000000	0.000000	0.000000	0.000002	0.000001	0.000001
56	T	O	1.000004	0.000000	0.000000	0.000005	0.000001	0.000001	0.000000	0.000004	0.000001	0.000002	0.000002	0.000000	0.000000	0.000000	0.000000	0.000003	0.000001	0.000001
57	L	O	1.000000	0.000000	0.000000	0.000004	0.000001	0.000001	0.000000	0.000005	0.000001	0.000003	0.000003	0.000000	0.000000	0.000000	0.000000	0.000003	0.000001	0.000001
58	A	O	0.999993	0.000000	0.000000	0.000004	0.000001	0.000001	0.000000	0.000006	0.000001	0.000004	0.000004	0.000000	0.000000	0.000000	0.000000	0.000004	0.000001	0.000001
59	W	O	0.999987	0.000000	0.000000	0.000003	0.000001	0.000002	0.000001	0.000008	0.000001	0.000005	0.000005	0.000000	0.000000	0.000000	0.000000	0.000005	0.000002	0.000001
60	L	O	0.999984	0.000000	0.000000	0.000002	0.000001	0.000002	0.000001	0.000009	0.000001	0.000007	0.000006	0.000000	0.000000	0.000000	0.000000	0.000005	0.000002	0.000002
61	G	O	0.999974	0.000000	0.000000	0.000002	0.000002	0.000002	0.000001	0.000010	0.000001	0.000009	0.000009	0.000000	0.000000	0.000001	0.000001	0.000006	0.000002	0.000002
62	P	O	0.999965	0.000000	0.000000	0.000002	0.000002	0.000003	0.000001	0.000011	0.000001	0.000010	0.000013	0.000000	0.000000	0.000001	0.000001	0.000007	0.000002	0.000003
63	R	O	0.999957	0.000000	0.000000	0.000001	0.000002	0.000003	0.000001	0.000012	0.000002	0.000011	0.000017	0.000000	0.000000	0.000001	0.000001	0.000008	0.000003	0.000003
64	L	O	0.999950	0.000000	0.000000	0.000001	0.000001	0.000004	0.000001	0.000012	0.000001	0.000014	0.000021	0.000000	0.000000	0.000001	0.000001	0.000008	0.000004	0.000003
65	A	O	0.999941	0.000000	0.000000	0.000001	0.000001	0.000004	0.000001	0.000010	0.000001	0.000017	0.000026	0.000000	0.000000	0.000001	0.000001	0.000008	0.000005	0.000004
66	S	O	0.999937	0.000000	0.000000	0.000001	0.000000	0.000004	0.000002	0.000006	0.000000	0.000017	0.000034	0.000000	0.000000	0.000002	0.000002	0.000006	0.000006	0.000005
67	R	O	0.999936	0.000000	0.000000	0.000000	0.000000	0.000003	0.000003	0.000002	0.000000	0.000013	0.000042	0.000000	0.000000	0.000002	0.000003	0.000003	0.000007	0.000007
68	G	O	0.999946	0.000000	0.000000	0.000000	0.000000	0.000002	0.000002	0.000000	0.000000	0.000006	0.000042	0.000000	0.000000	0.000002	0.000003	0.000000	0.000006	0.000008
69	F	O	0.999967	0.000000	0.000000	0.000000	0.000000	0.000000	0.000003	0.000000	0.000000	0.000000	0.000026	0.000000	0.000000	0.000000	0.000005	0.000000	0.000000	0.000009
70	V	O	1.000004	0.000000	0.000000	0.000000	0.000000	0.000000	0.000000	0.000000	0.000000	0.000000	0.000000	0.000000	0.000000	0.000000	0.000000	0.000000	0.000000	0.000000
