# Name=tournament_wt_66
# pos	aa	label	Other	Sec/SPI n	Sec/SPI h	Sec/SPI c	Sec/SPII n	Sec/SPII h	Sec/SPII cys	Tat/SPI n	Tat/SPI RR	Tat/SPI h	Tat/SPI c	Tat/SPII n	Tat/SPII RR	Tat/SPII h	Tat/SPII cys	Sec/SPIII P	Sec/SPIII cons.	Sec/SPIII h
1	S	O	0.944348	0.055454	0.000000	0.000000	0.000175	0.000000	0.000000	0.000001	0.000000	0.000000	0.000000	0.000000	0.000000	0.000000	0.000000	0.000019	0.000000	0.000000
2	I	O	0.944354	0.045273	0.010182	0.000000	0.000130	0.000044	0.000000	0.000001	0.000000	0.000000	0.000000	0.000000	0.000000	0.000000	0.000000	0.000015	0.000003	0.000000
3	R	O	0.944354	0.040085	0.012947	0.002421	0.000104	0.000070	0.000000	0.000001	0.000000	0.000000	0.000000	0.000000	0.000000	0.000000	0.000000	0.000013	0.000003	0.000002
4	A	O	0.944442	0.035228	0.015099	0.005041	0.000083	0.000081	0.000010	0.000000	0.000000	0.000000	0.000000	0.000000	0.000000	0.000000	0.000000	0.000011	0.000003	0.000003
5	Q	O	0.944656	0.030682	0.016774	0.007708	0.000067	0.000081	0.000016	0.000000	0.000000	0.000000	0.000000	0.000000	0.000000	0.000000	0.000000	0.000009	0.000003	0.000002
6	K	O	0.944912	0.026177	0.017787	0.010966	0.000054	0.000076	0.000019	0.000000	0.000000	0.000000	0.000000	0.000000	0.000000	0.000000	0.000000	0.000008	0.000002	0.000002
7	G	O	0.945278	0.021540	0.018939	0.014106	0.000042	0.000071	0.000017	0.000000	0.000000	0.000000	0.000000	0.000000	0.000000	0.000000	0.000000	0.000007	0.000002	0.000002
8	P	O	0.945744	0.017220	0.019663	0.017255	0.000032	0.000066	0.000015	0.000000	0.000000	0.000000	0.000000	0.000000	0.000000	0.000000	0.000000	0.000006	0.000002	0.000002
9	F	O	0.946254	0.013169	0.019928	0.020548	0.000024	0.000061	0.000014	0.000000	0.000000	0.000000	0.000000	0.000000	0.000000	0.000000	0.000000	0.000005	0.000002	0.000001
10	A	O	0.946864	0.009712	0.019322	0.024016	0.000017	0.000056	0.000011	0.000000	0.000000	0.000000	0.000000	0.000000	0.000000	0.000000	0.000000	0.000004	0.000001	0.000001
11	V	O	0.947635	0.006800	0.018266	0.027225	0.000012	0.000050	0.000012	0.000000	0.000000	0.000000	0.000000	0.000000	0.000000	0.000000	0.000000	0.000003	0.000001	0.000001
12	Q	O	0.948468	0.004762	0.015648	0.031060	0.000008	0.000043	0.000010	0.000000	0.000000	0.000000	0.000000	0.000000	0.000000	0.000000	0.000000	0.000003	0.000001	0.000001
13	Q	O	0.949465	0.003260	0.012635	0.034591	0.000006	0.000036	0.000010	0.000000	0.000000	0.000000	0.000000	0.000000	0.000000	0.000000	0.000000	0.000002	0.000001	0.000001
14	Q	O	0.950622	0.002130	0.009676	0.037530	0.000004	0.000030	0.000008	0.000000	0.000000	0.000000	0.000000	0.000000	0.000000	0.000000	0.000000	0.000002	0.000001	0.000001
15	S	O	0.951887	0.001352	0.006672	0.040064	0.000002	0.000024	0.000007	0.000000	0.000000	0.000000	0.000000	0.000000	0.000000	0.000000	0.000000	0.000001	0.000001	0.000001
16	V	O	0.953439	0.000880	0.003960	0.041696	0.000001	0.000019	0.000007	0.000000	0.000000	0.000000	0.000000	0.000000	0.000000	0.000000	0.000000	0.000001	0.000000	0.000001
17	A	O	0.955602	0.000656	0.001818	0.041911	0.000001	0.000013	0.000006	0.000000	0.000000	0.000000	0.000000	0.000000	0.000000	0.000000	0.000000	0.000001	0.000000	0.000000
18	A	O	0.960822	0.000502	0.000992	0.037682	0.000001	0.000008	0.000005	0.000000	0.000000	0.000000	0.000000	0.000000	0.000000	0.000000	0.000000	0.000001	0.000000	0.000000
19	Q	O	0.970317	0.000390	0.000659	0.028640	0.000000	0.000005	0.000003	0.000000	0.000000	0.000000	0.000000	0.000000	0.000000	0.000000	0.000000	0.000000	0.000000	0.000000
20	S	O	0.977502	0.000311	0.000422	0.021771	0.000000	0.000003	0.000002	0.000000	0.000000	0.000000	0.000000	0.000000	0.000000	0.000000	0.000000	0.000000	0.000000	0.000000
21	G	O	0.984883	0.000248	0.000308	0.014569	0.000000	0.000002	0.000001	0.000000	0.000000	0.000000	0.000000	0.000000	0.000000	0.000000	0.000000	0.000000	0.000000	0.000000
22	R	O	0.990239	0.000200	0.000235	0.009338	0.000000	0.000001	0.000001	0.000000	0.000000	0.000000	0.000000	0.000000	0.000000	0.000000	0.000000	0.000000	0.000000	0.000000
23	A	O	0.993741	0.000159	0.000190	0.005923	0.000000	0.000001	0.000000	0.000000	0.000000	0.000000	0.000000	0.000000	0.000000	0.000000	0.000000	0.000000	0.000000	0.000000
24	F	O	0.996050	0.000128	0.000158	0.003677	0.000000	0.000000	0.000000	0.000000	0.000000	0.000000	0.000000	0.000000	0.000000	0.000000	0.000000	0.000000	0.000000	0.000000
25	N	O	0.997368	0.000106	0.000122	0.002418	0.000000	0.000000	0.000000	0.000000	0.000000	0.000000	0.000000	0.000000	0.000000	0.000000	0.000000	0.000000	0.000000	0.000000
26	R	O	0.998242	0.000088	0.000099	0.001579	0.000000	0.000000	0.000000	0.000000	0.000000	0.000000	0.000000	0.000000	0.000000	0.000000	0.000000	0.000000	0.000000	0.000000
27	G	O	0.998852	0.000072	0.000087	0.001002	0.000000	0.000000	0.000000	0.000000	0.000000	0.000000	0.000000	0.000000	0.000000	0.000000	0.000000	0.000000	0.000000	0.000000
28	T	O	0.999243	0.000058	0.000079	0.000627	0.000000	0.000000	0.000000	0.000000	0.000000	0.000000	0.000000	0.000000	0.000000	0.000000	0.000000	0.000000	0.000000	0.000000
29	V	O	0.999468	0.000046	0.000070	0.000427	0.000000	0.000000	0.000000	0.000000	0.000000	0.000000	0.000000	0.000000	0.000000	0.000000	0.000000	0.000000	0.000000	0.000000
30	Y	O	0.999600	0.000037	0.000060	0.000310	0.000000	0.000000	0.000000	0.000000	0.000000	0.000000	0.000000	0.000000	0.000000	0.000000	0.000000	0.000000	0.000000	0.000000
31	Y	O	0.999690	0.000029	0.000052	0.000233	0.000000	0.000000	0.000000	0.000000	0.000000	0.000000	0.000000	0.000000	0.000000	0.000000	0.000000	0.000000	0.000000	0.000000
32	P	O	0.999756	0.000023	0.000044	0.000186	0.000000	0.000000	0.000000	0.000000	0.000000	0.000000	0.000000	0.000000	0.000000	0.000000	0.000000	0.000000	0.000000	0.000000
33	T	O	0.999795	0.000018	0.000038	0.000155	0.000000	0.000000	0.000000	0.000000	0.000000	0.000000	0.000000	0.000000	0.000000	0.000000	0.000000	0.000000	0.000000	0.000000
34	D	O	0.999824	0.000014	0.000030	0.000138	0.000000	0.000000	0.000000	0.000000	0.000000	0.000000	0.000000	0.000000	0.000000	0.000000	0.000000	0.000000	0.000000	0.000000
35	T	O	0.999842	0.000010	0.000023	0.000126	0.000000	0.000000	0.000000	0.000000	0.000000	0.000000	0.000000	0.000000	0.000000	0.000000	0.000000	0.000000	0.000000	0.000000
36	S	O	0.999861	0.000008	0.000016	0.000118	0.000000	0.000000	0.000000	0.000000	0.000000	0.000000	0.000000	0.000000	0.000000	0.000000	0.000000	0.000000	0.000000	0.000000
37	Q	O	0.999882	0.000006	0.000012	0.000106	0.000000	0.000000	0.000000	0.000000	0.000000	0.000000	0.000000	0.000000	0.000000	0.000000	0.000000	0.000000	0.000000	0.000000
38	G	O	0.999896	0.000005	0.000008	0.000093	0.000000	0.000000	0.000000	0.000000	0.000000	0.000000	0.000000	0.000000	0.000000	0.000000	0.000000	0.000000	0.000000	0.000000
39	T	O	0.999920	0.000004	0.000006	0.000078	0.000000	0.000000	0.000000	0.000000	0.000000	0.000000	0.000000	0.000000	0.000000	0.000000	0.000000	0.000000	0.000000	0.000000
40	Y	O	0.999941	0.000003	0.000004	0.000063	0.000000	0.000000	0.000000	0.000000	0.000000	0.000000	0.000000	0.000000	0.000000	0.000000	0.000000	0.000000	0.000000	0.000000
41	G	O	0.999953	0.000002	0.000003	0.000050	0.000000	0.000000	0.000000	0.000000	0.000000	0.000000	0.000000	0.000000	0.000000	0.000000	0.000000	0.000000	0.000000	0.000000
42	A	O	0.999967	0.000002	0.000003	0.000035	0.000000	0.000000	0.000000	0.000000	0.000000	0.000000	0.000000	0.000000	0.000000	0.000000	0.000000	0.000000	0.000000	0.000000
43	V	O	0.999979	0.000001	0.000002	0.000025	0.000000	0.000000	0.000000	0.000000	0.000000	0.000000	0.000000	0.000000	0.000000	0.000000	0.000000	0.000000	0.000000	0.000000
44	A	O	0.999987	0.000001	0.000002	0.000018	0.000000	0.000000	0.000000	0.000000	0.000000	0.000000	0.000000	0.000000	0.000000	0.000000	0.000000	0.000000	0.000000	0.000000
45	V	O	0.999993	0.000001	0.000001	0.000012	0.000000	0.000000	0.000000	0.000000	0.000000	0.000000	0.000000	0.000000	0.000000	0.000000	0.000000	0.000000	0.000000	0.000000
46	I	O	0.999998	0.000001	0.000001	0.000009	0.000000	0.000000	0.000000	0.000000	0.000000	0.000000	0.000000	0.000000	0.000000	0.000000	0.000000	0.000000	0.000000	0.000000
47	P	O	0.999998	0.000000	0.000001	0.000007	0.000000	0.000000	0.000000	0.000001	0.000000	0.000000	0.000000	0.000000	0.000000	0.000000	0.000000	0.000001	0.000000	0.000000
48	G	O	1.000000	0.000000	0.000001	0.000005	0.000001	0.000000	0.000000	0.000001	0.000000	0.000000	0.000000	0.000000	0.000000	0.000000	0.000000	0.000001	0.000000	0.000000
49	F	O	1.000004	0.000000	0.000001	0.000004	0.000001	0.000001	0.000000	0.000001	0.000000	0.000000	0.000000	0.000000	0.000000	0.000000	0.000000	0.000001	0.000000	0.000000
50	L	O	0.999997	0.000000	0.000000	0.000003	0.000002	0.000001	0.000000	0.000002	0.000000	0.000000	0.000001	0.000000	0.000000	0.000000	0.000000	0.000002	0.000000	0.000000
51	E	O	0.999992	0.000000	0.000000	0.000002	0.000003	0.000001	0.000000	0.000004	0.000001	0.000001	0.000001	0.000000	0.000000	0.000000	0.000000	0.000003	0.000000	0.000001
52	P	O	0.999986	0.000000	0.000000	0.000002	0.000004	0.000001	0.000001	0.000007	0.000001	0.000001	0.000001	0.000001	0.000000	0.000000	0.000000	0.000004	0.000001	0.000001
53	E	O	0.999975	0.000000	0.000000	0.000001	0.000007	0.000002	0.000001	0.000011	0.000002	0.000002	0.000001	0.000001	0.000000	0.000000	0.000000	0.000006	0.000001	0.000001
54	F	O	0.999951	0.000000	0.000000	0.000001	0.000011	0.000003	0.000001	0.000019	0.000003	0.000003	0.000002	0.000001	0.000001	0.000000	0.000000	0.000010	0.000001	0.000001
55	T	O	0.999914	0.000000	0.000000	0.000001	0.000017	0.000006	0.000001	0.000033	0.000005	0.000005	0.000003	0.000002	0.000001	0.000001	0.000001	0.000015	0.000001	0.000001
56	T	O	0.999858	0.000000	0.000000	0.000001	0.000026	0.000010	0.000001	0.000055	0.000009	0.000010	0.000005	0.000003	0.000001	0.000001	0.000001	0.000024	0.000002	0.000002
57	S	O	0.999769	0.000000	0.000000	0.000001	0.000037	0.000018	0.000002	0.000090	0.000012	0.000018	0.000009	0.000005	0.000002	0.000002	0.000001	0.000036	0.000004	0.000003
58	W	O	0.999656	0.000000	0.000000	0.000000	0.000048	0.000030	0.000003	0.000128	0.000018	0.000036	0.000014	0.000007	0.000002	0.000004	0.000002	0.000048	0.000009	0.000004
59	Y	O	0.999515	0.000000	0.000000	0.000000	0.000053	0.000049	0.000004	0.000166	0.000025	0.000069	0.000022	0.000008	0.000003	0.000007	0.000003	0.000062	0.000016	0.000007
60	G	O	0.999327	0.000000	0.000000	0.000000	0.000059	0.000072	0.000006	0.000209	0.000039	0.000108	0.000041	0.000010	0.000004	0.000011	0.000004	0.000083	0.000024	0.000012
61	P	O	0.999098	0.000000	0.000000	0.000000	0.000063	0.000099	0.000012	0.000268	0.000047	0.000153	0.000069	0.000013	0.000004	0.000017	0.000005	0.000103	0.000040	0.000019
62	T	O	0.998855	0.000000	0.000000	0.000000	0.000056	0.000137	0.000013	0.000309	0.000037	0.000241	0.000098	0.000014	0.000004	0.000027	0.000007	0.000118	0.000061	0.000029
63	L	O	0.998644	0.000000	0.000000	0.000000	0.000037	0.000181	0.000019	0.000276	0.000043	0.000360	0.000132	0.000012	0.000003	0.000038	0.000010	0.000111	0.000097	0.000044
64	A	O	0.998430	0.000000	0.000000	0.000000	0.000026	0.000209	0.000028	0.000259	0.000036	0.000427	0.000218	0.000010	0.000003	0.000049	0.000015	0.000106	0.000116	0.000076
65	S	O	0.998310	0.000000	0.000000	0.000000	0.000018	0.000205	0.000053	0.000212	0.000016	0.000469	0.000317	0.000008	0.000001	0.000057	0.000019	0.000095	0.000125	0.000103
66	Y	O	0.998336	0.000000	0.000000	0.000000	0.000005	0.000178	0.000076	0.000102	0.000008	0.000510	0.000386	0.000003	0.000000	0.000063	0.000023	0.000060	0.000132	0.000126
67	G	O	0.998435	0.000000	0.000000	0.000000	0.000000	0.000149	0.000068	0.000043	0.000000	0.000375	0.000550	0.000000	0.000000	0.000066	0.000027	0.000032	0.000118	0.000143
68	F	O	0.998738	0.000000	0.000000	0.000000	0.000000	0.000070	0.000110	0.000000	0.000000	0.000217	0.000527	0.000000	0.000000	0.000044	0.000055	0.000000	0.000085	0.000162
69	V	O	0.999153	0.000000	0.000000	0.000000	0.000000	0.000000	0.000105	0.000000	0.000000	0.000000	0.000468	0.000000	0.000000	0.000000	0.000098	0.000000	0.000000	0.000179
70	V	O	0.999997	0.000000	0.000000	0.000000	0.000000	0.000000	0.000000	0.000000	0.000000	0.000000	0.000000	0.000000	0.000000	0.000000	0.000000	0.000000	0.000000	0.000000
