# Name=tournament_wt_53
# pos	aa	label	Other	Sec/SPI n	Sec/SPI h	Sec/SPI c	Sec/SPII n	Sec/SPII h	Sec/SPII cys	Tat/SPI n	Tat/SPI RR	Tat/SPI h	Tat/SPI c	Tat/SPII n	Tat/SPII RR	Tat/SPII h	Tat/SPII cys	Sec/SPIII P	Sec/SPIII cons.	Sec/SPIII h
1	A	O	0.991793	0.008000	0.000000	0.000000	0.000178	0.000000	0.000000	0.000002	0.000000	0.000000	0.000000	0.000000	0.000000	0.000000	0.000000	0.000027	0.000000	0.000000
2	Q	O	0.991799	0.005887	0.002113	0.000000	0.000129	0.000049	0.000000	0.000001	0.000000	0.000001	0.000000	0.000000	0.000000	0.000000	0.000000	0.000022	0.000005	0.000000
3	S	O	0.991795	0.004426	0.003005	0.000570	0.000090	0.000088	0.000000	0.000001	0.000000	0.000001	0.000000	0.000000	0.000000	0.000000	0.000000	0.000018	0.000006	0.000003
4	V	O	0.991822	0.003356	0.003197	0.001428	0.000063	0.000104	0.000010	0.000001	0.000000	0.000001	0.000001	0.000000	0.000000	0.000000	0.000000	0.000014	0.000005	0.000005
5	Q	O	0.991898	0.002694	0.002768	0.002463	0.000045	0.000102	0.000021	0.000001	0.000000	0.000001	0.000001	0.000000	0.000000	0.000000	0.000000	0.000011	0.000004	0.000005
6	A	O	0.992054	0.002194	0.002334	0.003268	0.000033	0.000089	0.000026	0.000000	0.000000	0.000001	0.000001	0.000000	0.000000	0.000000	0.000000	0.000009	0.000003	0.000004
7	Q	O	0.992354	0.001792	0.002052	0.003681	0.000024	0.000072	0.000026	0.000000	0.000000	0.000000	0.000001	0.000000	0.000000	0.000000	0.000000	0.000007	0.000003	0.000003
8	R	O	0.992650	0.001468	0.001701	0.004086	0.000018	0.000056	0.000022	0.000000	0.000000	0.000000	0.000001	0.000000	0.000000	0.000000	0.000000	0.000006	0.000002	0.000003
9	G	O	0.993029	0.001194	0.001436	0.004275	0.000013	0.000044	0.000017	0.000000	0.000000	0.000000	0.000001	0.000000	0.000000	0.000000	0.000000	0.000005	0.000002	0.000002
10	P	O	0.993452	0.000967	0.001211	0.004322	0.000009	0.000033	0.000014	0.000000	0.000000	0.000000	0.000001	0.000000	0.000000	0.000000	0.000000	0.000004	0.000001	0.000002
11	Y	O	0.993931	0.000783	0.001015	0.004242	0.000007	0.000025	0.000011	0.000000	0.000000	0.000000	0.000000	0.000000	0.000000	0.000000	0.000000	0.000003	0.000001	0.000001
12	A	O	0.994454	0.000640	0.000833	0.004052	0.000005	0.000020	0.000007	0.000000	0.000000	0.000000	0.000000	0.000000	0.000000	0.000000	0.000000	0.000002	0.000001	0.000001
13	T	O	0.995041	0.000518	0.000709	0.003719	0.000003	0.000015	0.000007	0.000000	0.000000	0.000000	0.000000	0.000000	0.000000	0.000000	0.000000	0.000002	0.000001	0.000001
14	S	O	0.995603	0.000414	0.000604	0.003371	0.000003	0.000011	0.000005	0.000000	0.000000	0.000000	0.000000	0.000000	0.000000	0.000000	0.000000	0.000001	0.000001	0.000001
15	R	O	0.996198	0.000322	0.000536	0.002947	0.000002	0.000008	0.000004	0.000000	0.000000	0.000000	0.000000	0.000000	0.000000	0.000000	0.000000	0.000001	0.000000	0.000001
16	T	O	0.996638	0.000243	0.000458	0.002667	0.000001	0.000006	0.000002	0.000000	0.000000	0.000000	0.000000	0.000000	0.000000	0.000000	0.000000	0.000001	0.000000	0.000000
17	T	O	0.997007	0.000182	0.000370	0.002453	0.000001	0.000005	0.000002	0.000000	0.000000	0.000000	0.000000	0.000000	0.000000	0.000000	0.000000	0.000001	0.000000	0.000000
18	V	O	0.997355	0.000138	0.000281	0.002237	0.000001	0.000004	0.000001	0.000000	0.000000	0.000000	0.000000	0.000000	0.000000	0.000000	0.000000	0.000001	0.000000	0.000000
19	S	O	0.997693	0.000112	0.000187	0.002018	0.000000	0.000003	0.000001	0.000000	0.000000	0.000000	0.000000	0.000000	0.000000	0.000000	0.000000	0.000000	0.000000	0.000000
20	S	O	0.998159	0.000093	0.000133	0.001626	0.000000	0.000002	0.000001	0.000000	0.000000	0.000000	0.000000	0.000000	0.000000	0.000000	0.000000	0.000000	0.000000	0.000000
21	G	O	0.998656	0.000078	0.000102	0.001178	0.000000	0.000001	0.000001	0.000000	0.000000	0.000000	0.000000	0.000000	0.000000	0.000000	0.000000	0.000000	0.000000	0.000000
22	T	O	0.999063	0.000066	0.000084	0.000806	0.000000	0.000001	0.000000	0.000000	0.000000	0.000000	0.000000	0.000000	0.000000	0.000000	0.000000	0.000000	0.000000	0.000000
23	G	O	0.999320	0.000056	0.000071	0.000573	0.000000	0.000001	0.000000	0.000000	0.000000	0.000000	0.000000	0.000000	0.000000	0.000000	0.000000	0.000000	0.000000	0.000000
24	F	O	0.999497	0.000047	0.000061	0.000414	0.000000	0.000000	0.000000	0.000000	0.000000	0.000000	0.000000	0.000000	0.000000	0.000000	0.000000	0.000000	0.000000	0.000000
25	N	O	0.999608	0.000040	0.000050	0.000318	0.000000	0.000000	0.000000	0.000000	0.000000	0.000000	0.000000	0.000000	0.000000	0.000000	0.000000	0.000000	0.000000	0.000000
26	R	O	0.999699	0.000034	0.000044	0.000239	0.000000	0.000000	0.000000	0.000000	0.000000	0.000000	0.000000	0.000000	0.000000	0.000000	0.000000	0.000000	0.000000	0.000000
27	G	O	0.999771	0.000028	0.000039	0.000179	0.000000	0.000000	0.000000	0.000000	0.000000	0.000000	0.000000	0.000000	0.000000	0.000000	0.000000	0.000000	0.000000	0.000000
28	T	O	0.999820	0.000023	0.000036	0.000137	0.000000	0.000000	0.000000	0.000000	0.000000	0.000000	0.000000	0.000000	0.000000	0.000000	0.000000	0.000000	0.000000	0.000000
29	I	O	0.999851	0.000019	0.000033	0.000111	0.000000	0.000000	0.000000	0.000000	0.000000	0.000000	0.000000	0.000000	0.000000	0.000000	0.000000	0.000000	0.000000	0.000000
30	Y	O	0.999868	0.000015	0.000029	0.000096	0.000000	0.000000	0.000000	0.000000	0.000000	0.000000	0.000000	0.000000	0.000000	0.000000	0.000000	0.000000	0.000000	0.000000
31	Y	O	0.999887	0.000012	0.000025	0.000083	0.000000	0.000000	0.000000	0.000000	0.000000	0.000000	0.000000	0.000000	0.000000	0.000000	0.000000	0.000000	0.000000	0.000000
32	P	O	0.999900	0.000010	0.000022	0.000075	0.000000	0.000000	0.000000	0.000000	0.000000	0.000000	0.000000	0.000000	0.000000	0.000000	0.000000	0.000000	0.000000	0.000000
33	T	O	0.999911	0.000008	0.000018	0.000069	0.000000	0.000000	0.000000	0.000000	0.000000	0.000000	0.000000	0.000000	0.000000	0.000000	0.000000	0.000000	0.000000	0.000000
34	T	O	0.999915	0.000006	0.000014	0.000066	0.000000	0.000000	0.000000	0.000000	0.000000	0.000000	0.000000	0.000000	0.000000	0.000000	0.000000	0.000000	0.000000	0.000000
35	T	O	0.999922	0.000005	0.000010	0.000065	0.000000	0.000000	0.000000	0.000000	0.000000	0.000000	0.000000	0.000000	0.000000	0.000000	0.000000	0.000000	0.000000	0.000000
36	S	O	0.999927	0.000004	0.000007	0.000063	0.000000	0.000000	0.000000	0.000000	0.000000	0.000000	0.000000	0.000000	0.000000	0.000000	0.000000	0.000000	0.000000	0.000000
37	E	O	0.999933	0.000004	0.000006	0.000057	0.000000	0.000000	0.000000	0.000000	0.000000	0.000000	0.000000	0.000000	0.000000	0.000000	0.000000	0.000000	0.000000	0.000000
38	G	O	0.999944	0.000003	0.000004	0.000052	0.000000	0.000000	0.000000	0.000000	0.000000	0.000000	0.000000	0.000000	0.000000	0.000000	0.000000	0.000000	0.000000	0.000000
39	T	O	0.999955	0.000002	0.000004	0.000045	0.000000	0.000000	0.000000	0.000000	0.000000	0.000000	0.000000	0.000000	0.000000	0.000000	0.000000	0.000000	0.000000	0.000000
40	F	O	0.999963	0.000002	0.000003	0.000039	0.000000	0.000000	0.000000	0.000000	0.000000	0.000000	0.000000	0.000000	0.000000	0.000000	0.000000	0.000000	0.000000	0.000000
41	S	O	0.999968	0.000002	0.000003	0.000034	0.000000	0.000000	0.000000	0.000000	0.000000	0.000000	0.000000	0.000000	0.000000	0.000000	0.000000	0.000000	0.000000	0.000000
42	A	O	0.999974	0.000001	0.000003	0.000028	0.000000	0.000000	0.000000	0.000000	0.000000	0.000000	0.000000	0.000000	0.000000	0.000000	0.000000	0.000000	0.000000	0.000000
43	V	O	0.999977	0.000001	0.000002	0.000024	0.000000	0.000000	0.000000	0.000000	0.000000	0.000000	0.000000	0.000000	0.000000	0.000000	0.000000	0.000000	0.000000	0.000000
44	A	O	0.999983	0.000001	0.000002	0.000020	0.000000	0.000000	0.000000	0.000000	0.000000	0.000000	0.000000	0.000000	0.000000	0.000000	0.000000	0.000000	0.000000	0.000000
45	V	O	0.999987	0.000001	0.000002	0.000017	0.000000	0.000000	0.000000	0.000000	0.000000	0.000000	0.000000	0.000000	0.000000	0.000000	0.000000	0.000000	0.000000	0.000000
46	I	O	0.999987	0.000000	0.000001	0.000014	0.000000	0.000000	0.000000	0.000000	0.000000	0.000000	0.000000	0.000000	0.000000	0.000000	0.000000	0.000000	0.000000	0.000000
47	P	O	0.999986	0.000000	0.000001	0.000013	0.000000	0.000000	0.000000	0.000000	0.000000	0.000000	0.000000	0.000000	0.000000	0.000000	0.000000	0.000000	0.000000	0.000000
48	G	O	0.999990	0.000000	0.000001	0.000011	0.000000	0.000000	0.000000	0.000001	0.000000	0.000000	0.000000	0.000000	0.000000	0.000000	0.000000	0.000000	0.000000	0.000000
49	F	O	0.999997	0.000000	0.000001	0.000009	0.000000	0.000000	0.000000	0.000001	0.000000	0.000000	0.000000	0.000000	0.000000	0.000000	0.000000	0.000001	0.000000	0.000000
50	T	O	0.999993	0.000000	0.000000	0.000008	0.000000	0.000000	0.000000	0.000001	0.000000	0.000000	0.000001	0.000000	0.000000	0.000000	0.000000	0.000001	0.000000	0.000000
51	E	O	0.999996	0.000000	0.000000	0.000007	0.000000	0.000000	0.000000	0.000001	0.000000	0.000001	0.000001	0.000000	0.000000	0.000000	0.000000	0.000001	0.000000	0.000000
52	S	O	0.999998	0.000000	0.000000	0.000006	0.000001	0.000000	0.000000	0.000002	0.000000	0.000001	0.000001	0.000000	0.000000	0.000000	0.000000	0.000001	0.000000	0.000000
53	E	O	0.999995	0.000000	0.000000	0.000005	0.000001	0.000001	0.000000	0.000002	0.000000	0.000001	0.000001	0.000000	0.000000	0.000000	0.000000	0.000002	0.000000	0.000000
54	S	O	0.999995	0.000000	0.000000	0.000004	0.000001	0.000001	0.000000	0.000003	0.000000	0.000001	0.000002	0.000000	0.000000	0.000000	0.000000	0.000002	0.000000	0.000000
55	T	O	0.999996	0.000000	0.000000	0.000003	0.000001	0.000001	0.000000	0.000004	0.000001	0.000002	0.000002	0.000000	0.000000	0.000000	0.000000	0.000003	0.000001	0.000001
56	M	O	0.999994	0.000000	0.000000	0.000002	0.000001	0.000001	0.000000	0.000006	0.000001	0.000003	0.000003	0.000000	0.000000	0.000000	0.000000	0.000003	0.000001	0.000001
57	S	O	0.999991	0.000000	0.000000	0.000002	0.000002	0.000001	0.000000	0.000008	0.000001	0.000004	0.000004	0.000000	0.000000	0.000000	0.000000	0.000005	0.000001	0.000001
58	W	O	0.999979	0.000000	0.000000	0.000002	0.000002	0.000002	0.000001	0.000009	0.000001	0.000006	0.000005	0.000000	0.000000	0.000000	0.000000	0.000006	0.000001	0.000001
59	Y	O	0.999969	0.000000	0.000000	0.000001	0.000003	0.000003	0.000001	0.000012	0.000002	0.000008	0.000007	0.000000	0.000000	0.000000	0.000000	0.000008	0.000002	0.000002
60	G	O	0.999955	0.000000	0.000000	0.000001	0.000003	0.000003	0.000001	0.000016	0.000002	0.000010	0.000010	0.000000	0.000000	0.000001	0.000001	0.000011	0.000002	0.000002
61	T	O	0.999936	0.000000	0.000000	0.000001	0.000004	0.000005	0.000001	0.000020	0.000003	0.000015	0.000013	0.000001	0.000000	0.000001	0.000001	0.000014	0.000003	0.000003
62	T	O	0.999905	0.000000	0.000000	0.000001	0.000004	0.000006	0.000001	0.000026	0.000003	0.000020	0.000020	0.000001	0.000000	0.000001	0.000001	0.000018	0.000005	0.000003
63	L	O	0.999878	0.000000	0.000000	0.000000	0.000004	0.000008	0.000002	0.000028	0.000003	0.000028	0.000027	0.000001	0.000000	0.000002	0.000002	0.000020	0.000007	0.000005
64	S	O	0.999845	0.000000	0.000000	0.000000	0.000003	0.000010	0.000002	0.000030	0.000003	0.000033	0.000042	0.000001	0.000000	0.000003	0.000003	0.000023	0.000010	0.000008
65	S	O	0.999826	0.000000	0.000000	0.000000	0.000002	0.000011	0.000004	0.000027	0.000002	0.000039	0.000055	0.000001	0.000000	0.000004	0.000004	0.000023	0.000014	0.000011
66	H	O	0.999810	0.000000	0.000000	0.000000	0.000001	0.000011	0.000005	0.000018	0.000001	0.000045	0.000067	0.000000	0.000000	0.000004	0.000005	0.000019	0.000018	0.000015
67	G	O	0.999798	0.000000	0.000000	0.000000	0.000000	0.000010	0.000006	0.000011	0.000000	0.000039	0.000084	0.000000	0.000000	0.000005	0.000007	0.000010	0.000021	0.000020
68	F	O	0.999820	0.000000	0.000000	0.000000	0.000000	0.000006	0.000009	0.000000	0.000000	0.000030	0.000082	0.000000	0.000000	0.000004	0.000010	0.000000	0.000018	0.000027
69	V	O	0.999877	0.000000	0.000000	0.000000	0.000000	0.000000	0.000009	0.000000	0.000000	0.000000	0.000077	0.000000	0.000000	0.000000	0.000015	0.000000	0.000000	0.000029
70	V	O	1.000002	0.000000	0.000000	0.000000	0.000000	0.000000	0.000000	0.000000	0.000000	0.000000	0.000000	0.000000	0.000000	0.000000	0.000000	0.000000	0.000000	0.000000
