# Name=tournament_wt_287
# pos	aa	label	Other	Sec/SPI n	Sec/SPI h	Sec/SPI c	Sec/SPII n	Sec/SPII h	Sec/SPII cys	Tat/SPI n	Tat/SPI RR	Tat/SPI h	Tat/SPI c	Tat/SPII n	Tat/SPII RR	Tat/SPII h	Tat/SPII cys	Sec/SPIII P	Sec/SPIII cons.	Sec/SPIII h
1	S	O	0.990590	0.009218	0.000000	0.000000	0.000155	0.000000	0.000000	0.000002	0.000000	0.000000	0.000000	0.000000	0.000000	0.000000	0.000000	0.000038	0.000000	0.000000
2	I	O	0.990598	0.005963	0.003255	0.000000	0.000102	0.000052	0.000000	0.000001	0.000000	0.000001	0.000000	0.000000	0.000000	0.000000	0.000000	0.000030	0.000008	0.000000
3	E	O	0.990602	0.004573	0.003626	0.001018	0.000073	0.000081	0.000000	0.000001	0.000000	0.000001	0.000000	0.000000	0.000000	0.000000	0.000000	0.000025	0.000007	0.000006
4	A	O	0.990640	0.003471	0.003688	0.002017	0.000053	0.000090	0.000012	0.000001	0.000000	0.000001	0.000000	0.000000	0.000000	0.000000	0.000000	0.000020	0.000006	0.000007
5	A	O	0.990767	0.002685	0.003390	0.002997	0.000039	0.000086	0.000018	0.000000	0.000000	0.000000	0.000001	0.000000	0.000000	0.000000	0.000000	0.000017	0.000006	0.000006
6	R	O	0.990954	0.002091	0.002886	0.003933	0.000029	0.000072	0.000024	0.000000	0.000000	0.000000	0.000001	0.000000	0.000000	0.000000	0.000000	0.000014	0.000004	0.000005
7	G	O	0.991244	0.001620	0.002405	0.004626	0.000021	0.000060	0.000020	0.000000	0.000000	0.000000	0.000001	0.000000	0.000000	0.000000	0.000000	0.000011	0.000004	0.000004
8	P	O	0.991651	0.001271	0.001957	0.005039	0.000016	0.000048	0.000017	0.000000	0.000000	0.000000	0.000001	0.000000	0.000000	0.000000	0.000000	0.000009	0.000003	0.000003
9	F	O	0.992138	0.001003	0.001564	0.005229	0.000011	0.000038	0.000015	0.000000	0.000000	0.000000	0.000000	0.000000	0.000000	0.000000	0.000000	0.000007	0.000003	0.000003
10	A	O	0.992817	0.000811	0.001234	0.005087	0.000008	0.000029	0.000011	0.000000	0.000000	0.000000	0.000000	0.000000	0.000000	0.000000	0.000000	0.000006	0.000002	0.000002
11	T	O	0.993833	0.000648	0.001074	0.004408	0.000006	0.000023	0.000009	0.000000	0.000000	0.000000	0.000000	0.000000	0.000000	0.000000	0.000000	0.000005	0.000002	0.000002
12	S	O	0.994656	0.000524	0.000892	0.003905	0.000004	0.000017	0.000007	0.000000	0.000000	0.000000	0.000000	0.000000	0.000000	0.000000	0.000000	0.000004	0.000002	0.000002
13	T	O	0.995460	0.000414	0.000766	0.003346	0.000003	0.000014	0.000005	0.000000	0.000000	0.000000	0.000000	0.000000	0.000000	0.000000	0.000000	0.000003	0.000001	0.000001
14	S	O	0.996133	0.000324	0.000649	0.002885	0.000002	0.000010	0.000004	0.000000	0.000000	0.000000	0.000000	0.000000	0.000000	0.000000	0.000000	0.000002	0.000001	0.000001
15	R	O	0.996753	0.000250	0.000553	0.002441	0.000002	0.000007	0.000003	0.000000	0.000000	0.000000	0.000000	0.000000	0.000000	0.000000	0.000000	0.000002	0.000001	0.000001
16	V	O	0.997283	0.000186	0.000474	0.002055	0.000001	0.000006	0.000002	0.000000	0.000000	0.000000	0.000000	0.000000	0.000000	0.000000	0.000000	0.000001	0.000001	0.000001
17	S	O	0.997686	0.000136	0.000388	0.001786	0.000001	0.000004	0.000002	0.000000	0.000000	0.000000	0.000000	0.000000	0.000000	0.000000	0.000000	0.000001	0.000000	0.000001
18	S	O	0.998031	0.000097	0.000308	0.001563	0.000000	0.000003	0.000001	0.000000	0.000000	0.000000	0.000000	0.000000	0.000000	0.000000	0.000000	0.000001	0.000000	0.000000
19	L	O	0.998353	0.000067	0.000244	0.001336	0.000000	0.000003	0.000001	0.000000	0.000000	0.000000	0.000000	0.000000	0.000000	0.000000	0.000000	0.000001	0.000000	0.000000
20	V	O	0.998598	0.000047	0.000176	0.001181	0.000000	0.000002	0.000001	0.000000	0.000000	0.000000	0.000000	0.000000	0.000000	0.000000	0.000000	0.000000	0.000000	0.000000
21	S	O	0.998826	0.000034	0.000117	0.001030	0.000000	0.000001	0.000001	0.000000	0.000000	0.000000	0.000000	0.000000	0.000000	0.000000	0.000000	0.000000	0.000000	0.000000
22	G	O	0.999058	0.000025	0.000075	0.000849	0.000000	0.000001	0.000000	0.000000	0.000000	0.000000	0.000000	0.000000	0.000000	0.000000	0.000000	0.000000	0.000000	0.000000
23	F	O	0.999323	0.000019	0.000053	0.000616	0.000000	0.000001	0.000000	0.000000	0.000000	0.000000	0.000000	0.000000	0.000000	0.000000	0.000000	0.000000	0.000000	0.000000
24	G	O	0.999510	0.000015	0.000036	0.000451	0.000000	0.000000	0.000000	0.000000	0.000000	0.000000	0.000000	0.000000	0.000000	0.000000	0.000000	0.000000	0.000000	0.000000
25	G	O	0.999681	0.000012	0.000026	0.000289	0.000000	0.000000	0.000000	0.000000	0.000000	0.000000	0.000000	0.000000	0.000000	0.000000	0.000000	0.000000	0.000000	0.000000
26	G	O	0.999800	0.000009	0.000021	0.000177	0.000000	0.000000	0.000000	0.000000	0.000000	0.000000	0.000000	0.000000	0.000000	0.000000	0.000000	0.000000	0.000000	0.000000
27	T	O	0.999883	0.000007	0.000017	0.000103	0.000000	0.000000	0.000000	0.000000	0.000000	0.000000	0.000000	0.000000	0.000000	0.000000	0.000000	0.000000	0.000000	0.000000
28	I	O	0.999925	0.000006	0.000014	0.000064	0.000000	0.000000	0.000000	0.000000	0.000000	0.000000	0.000000	0.000000	0.000000	0.000000	0.000000	0.000000	0.000000	0.000000
29	Y	O	0.999953	0.000005	0.000012	0.000044	0.000000	0.000000	0.000000	0.000000	0.000000	0.000000	0.000000	0.000000	0.000000	0.000000	0.000000	0.000000	0.000000	0.000000
30	Y	O	0.999973	0.000004	0.000010	0.000032	0.000000	0.000000	0.000000	0.000000	0.000000	0.000000	0.000000	0.000000	0.000000	0.000000	0.000000	0.000000	0.000000	0.000000
31	P	O	0.999984	0.000003	0.000008	0.000025	0.000000	0.000000	0.000000	0.000000	0.000000	0.000000	0.000000	0.000000	0.000000	0.000000	0.000000	0.000000	0.000000	0.000000
32	T	O	0.999992	0.000002	0.000006	0.000021	0.000000	0.000000	0.000000	0.000000	0.000000	0.000000	0.000000	0.000000	0.000000	0.000000	0.000000	0.000000	0.000000	0.000000
33	D	O	0.999990	0.000002	0.000004	0.000019	0.000000	0.000000	0.000000	0.000000	0.000000	0.000000	0.000000	0.000000	0.000000	0.000000	0.000000	0.000000	0.000000	0.000000
34	T	O	0.999993	0.000002	0.000003	0.000017	0.000000	0.000000	0.000000	0.000000	0.000000	0.000000	0.000000	0.000000	0.000000	0.000000	0.000000	0.000000	0.000000	0.000000
35	S	O	0.999998	0.000001	0.000002	0.000015	0.000000	0.000000	0.000000	0.000000	0.000000	0.000000	0.000000	0.000000	0.000000	0.000000	0.000000	0.000000	0.000000	0.000000
36	Q	O	0.999999	0.000001	0.000002	0.000013	0.000000	0.000000	0.000000	0.000000	0.000000	0.000000	0.000000	0.000000	0.000000	0.000000	0.000000	0.000000	0.000000	0.000000
37	G	O	1.000004	0.000001	0.000001	0.000011	0.000000	0.000000	0.000000	0.000000	0.000000	0.000000	0.000000	0.000000	0.000000	0.000000	0.000000	0.000000	0.000000	0.000000
38	R	O	1.000007	0.000001	0.000001	0.000009	0.000000	0.000000	0.000000	0.000000	0.000000	0.000000	0.000000	0.000000	0.000000	0.000000	0.000000	0.000000	0.000000	0.000000
39	F	O	1.000009	0.000001	0.000001	0.000007	0.000000	0.000000	0.000000	0.000000	0.000000	0.000000	0.000000	0.000000	0.000000	0.000000	0.000000	0.000000	0.000000	0.000000
40	G	O	1.000006	0.000001	0.000001	0.000005	0.000000	0.000000	0.000000	0.000000	0.000000	0.000000	0.000000	0.000000	0.000000	0.000000	0.000000	0.000000	0.000000	0.000000
41	G	O	1.000008	0.000000	0.000001	0.000004	0.000000	0.000000	0.000000	0.000000	0.000000	0.000000	0.000000	0.000000	0.000000	0.000000	0.000000	0.000000	0.000000	0.000000
42	V	O	1.000015	0.000000	0.000001	0.000003	0.000000	0.000000	0.000000	0.000000	0.000000	0.000000	0.000000	0.000000	0.000000	0.000000	0.000000	0.000000	0.000000	0.000000
43	V	O	1.000012	0.000000	0.000000	0.000003	0.000000	0.000000	0.000000	0.000000	0.000000	0.000000	0.000000	0.000000	0.000000	0.000000	0.000000	0.000000	0.000000	0.000000
44	I	O	1.000012	0.000000	0.000000	0.000002	0.000000	0.000000	0.000000	0.000000	0.000000	0.000000	0.000000	0.000000	0.000000	0.000000	0.000000	0.000000	0.000000	0.000000
45	A	O	1.000008	0.000000	0.000000	0.000002	0.000000	0.000000	0.000000	0.000000	0.000000	0.000000	0.000000	0.000000	0.000000	0.000000	0.000000	0.000000	0.000000	0.000000
46	P	O	1.000006	0.000000	0.000000	0.000002	0.000000	0.000000	0.000000	0.000000	0.000000	0.000000	0.000000	0.000000	0.000000	0.000000	0.000000	0.000000	0.000000	0.000000
47	G	O	1.000007	0.000000	0.000000	0.000002	0.000000	0.000000	0.000000	0.000000	0.000000	0.000000	0.000000	0.000000	0.000000	0.000000	0.000000	0.000001	0.000000	0.000000
48	Y	O	1.000014	0.000000	0.000000	0.000002	0.000000	0.000000	0.000000	0.000000	0.000000	0.000000	0.000000	0.000000	0.000000	0.000000	0.000000	0.000001	0.000000	0.000000
49	T	O	1.000008	0.000000	0.000000	0.000001	0.000000	0.000000	0.000000	0.000000	0.000000	0.000000	0.000000	0.000000	0.000000	0.000000	0.000000	0.000001	0.000000	0.000000
50	A	O	1.000007	0.000000	0.000000	0.000001	0.000000	0.000000	0.000000	0.000001	0.000000	0.000000	0.000000	0.000000	0.000000	0.000000	0.000000	0.000001	0.000000	0.000000
51	G	O	1.000001	0.000000	0.000000	0.000001	0.000000	0.000000	0.000000	0.000001	0.000000	0.000000	0.000001	0.000000	0.000000	0.000000	0.000000	0.000001	0.000000	0.000000
52	E	O	1.000007	0.000000	0.000000	0.000001	0.000000	0.000000	0.000000	0.000001	0.000000	0.000001	0.000001	0.000000	0.000000	0.000000	0.000000	0.000001	0.000001	0.000001
53	S	O	1.000003	0.000000	0.000000	0.000001	0.000000	0.000001	0.000000	0.000001	0.000000	0.000001	0.000001	0.000000	0.000000	0.000000	0.000000	0.000002	0.000001	0.000001
54	S	O	1.000006	0.000000	0.000000	0.000001	0.000001	0.000001	0.000000	0.000002	0.000000	0.000001	0.000001	0.000000	0.000000	0.000000	0.000000	0.000002	0.000001	0.000001
55	I	O	1.000000	0.000000	0.000000	0.000001	0.000001	0.000001	0.000000	0.000003	0.000000	0.000001	0.000002	0.000000	0.000000	0.000000	0.000000	0.000003	0.000001	0.000001
56	A	O	0.999994	0.000000	0.000000	0.000001	0.000001	0.000001	0.000000	0.000003	0.000000	0.000002	0.000002	0.000000	0.000000	0.000000	0.000000	0.000003	0.000001	0.000001
57	W	O	0.999995	0.000000	0.000000	0.000000	0.000001	0.000001	0.000001	0.000004	0.000000	0.000003	0.000003	0.000000	0.000000	0.000000	0.000000	0.000004	0.000001	0.000001
58	L	O	0.999993	0.000000	0.000000	0.000000	0.000001	0.000001	0.000001	0.000005	0.000001	0.000004	0.000004	0.000000	0.000000	0.000000	0.000000	0.000004	0.000002	0.000002
59	G	O	0.999985	0.000000	0.000000	0.000000	0.000001	0.000001	0.000001	0.000006	0.000001	0.000004	0.000005	0.000000	0.000000	0.000000	0.000000	0.000005	0.000002	0.000002
60	P	O	0.999980	0.000000	0.000000	0.000000	0.000002	0.000002	0.000001	0.000007	0.000001	0.000005	0.000007	0.000000	0.000000	0.000000	0.000000	0.000006	0.000002	0.000002
61	R	O	0.999964	0.000000	0.000000	0.000000	0.000002	0.000002	0.000001	0.000009	0.000002	0.000007	0.000010	0.000000	0.000000	0.000001	0.000001	0.000008	0.000002	0.000002
62	L	O	0.999948	0.000000	0.000000	0.000000	0.000002	0.000003	0.000001	0.000012	0.000001	0.000009	0.000013	0.000000	0.000000	0.000001	0.000001	0.000010	0.000003	0.000003
63	A	O	0.999936	0.000000	0.000000	0.000000	0.000002	0.000003	0.000001	0.000014	0.000002	0.000011	0.000018	0.000000	0.000000	0.000001	0.000001	0.000012	0.000004	0.000004
64	S	O	0.999921	0.000000	0.000000	0.000000	0.000002	0.000004	0.000001	0.000015	0.000002	0.000014	0.000023	0.000000	0.000000	0.000001	0.000002	0.000013	0.000005	0.000005
65	Q	O	0.999905	0.000000	0.000000	0.000000	0.000001	0.000005	0.000002	0.000014	0.000002	0.000018	0.000028	0.000000	0.000000	0.000002	0.000002	0.000013	0.000007	0.000006
66	G	O	0.999900	0.000000	0.000000	0.000000	0.000001	0.000006	0.000002	0.000013	0.000001	0.000021	0.000032	0.000000	0.000000	0.000002	0.000002	0.000012	0.000009	0.000008
67	F	O	0.999900	0.000000	0.000000	0.000000	0.000000	0.000005	0.000003	0.000007	0.000000	0.000027	0.000036	0.000000	0.000000	0.000002	0.000004	0.000006	0.000012	0.000010
68	V	O	0.999901	0.000000	0.000000	0.000000	0.000000	0.000004	0.000004	0.000000	0.000000	0.000022	0.000048	0.000000	0.000000	0.000003	0.000005	0.000000	0.000012	0.000014
69	V	O	0.999915	0.000000	0.000000	0.000000	0.000000	0.000000	0.000007	0.000000	0.000000	0.000000	0.000055	0.000000	0.000000	0.000000	0.000009	0.000000	0.000000	0.000019
70	F	O	1.000003	0.000000	0.000000	0.000000	0.000000	0.000000	0.000000	0.000000	0.000000	0.000000	0.000000	0.000000	0.000000	0.000000	0.000000	0.000000	0.000000	0.000000
