# Name=tournament_wt_177
# pos	aa	label	Other	Sec/SPI n	Sec/SPI h	Sec/SPI c	Sec/SPII n	Sec/SPII h	Sec/SPII cys	Tat/SPI n	Tat/SPI RR	Tat/SPI h	Tat/SPI c	Tat/SPII n	Tat/SPII RR	Tat/SPII h	Tat/SPII cys	Sec/SPIII P	Sec/SPIII cons.	Sec/SPIII h
1	A	O	0.963053	0.036888	0.000000	0.000000	0.000063	0.000000	0.000000	0.000000	0.000000	0.000000	0.000000	0.000000	0.000000	0.000000	0.000000	0.000008	0.000000	0.000000
2	I	O	0.963052	0.025618	0.011270	0.000000	0.000045	0.000018	0.000000	0.000000	0.000000	0.000000	0.000000	0.000000	0.000000	0.000000	0.000000	0.000007	0.000001	0.000000
3	E	O	0.963053	0.020047	0.013439	0.003401	0.000034	0.000029	0.000000	0.000000	0.000000	0.000000	0.000000	0.000000	0.000000	0.000000	0.000000	0.000006	0.000001	0.000001
4	A	O	0.963176	0.015102	0.014822	0.006845	0.000025	0.000034	0.000004	0.000000	0.000000	0.000000	0.000000	0.000000	0.000000	0.000000	0.000000	0.000005	0.000001	0.000001
5	S	O	0.963436	0.011450	0.014235	0.010827	0.000019	0.000034	0.000006	0.000000	0.000000	0.000000	0.000000	0.000000	0.000000	0.000000	0.000000	0.000004	0.000001	0.000001
6	R	O	0.963805	0.008460	0.012675	0.015012	0.000014	0.000031	0.000008	0.000000	0.000000	0.000000	0.000000	0.000000	0.000000	0.000000	0.000000	0.000004	0.000001	0.000001
7	G	O	0.964352	0.005926	0.011033	0.018651	0.000010	0.000028	0.000007	0.000000	0.000000	0.000000	0.000000	0.000000	0.000000	0.000000	0.000000	0.000003	0.000001	0.000001
8	P	O	0.965157	0.004118	0.009004	0.021690	0.000007	0.000024	0.000007	0.000000	0.000000	0.000000	0.000000	0.000000	0.000000	0.000000	0.000000	0.000003	0.000001	0.000001
9	F	O	0.966303	0.002719	0.007270	0.023684	0.000005	0.000020	0.000006	0.000000	0.000000	0.000000	0.000000	0.000000	0.000000	0.000000	0.000000	0.000002	0.000001	0.000001
10	A	O	0.967730	0.001888	0.005039	0.025327	0.000003	0.000017	0.000005	0.000000	0.000000	0.000000	0.000000	0.000000	0.000000	0.000000	0.000000	0.000002	0.000001	0.000001
11	T	O	0.970098	0.001286	0.003676	0.024929	0.000002	0.000012	0.000006	0.000000	0.000000	0.000000	0.000000	0.000000	0.000000	0.000000	0.000000	0.000001	0.000001	0.000001
12	A	O	0.973563	0.000871	0.002701	0.022860	0.000001	0.000009	0.000004	0.000000	0.000000	0.000000	0.000000	0.000000	0.000000	0.000000	0.000000	0.000001	0.000000	0.000001
13	Q	O	0.978053	0.000567	0.002076	0.019309	0.000001	0.000006	0.000003	0.000000	0.000000	0.000000	0.000000	0.000000	0.000000	0.000000	0.000000	0.000001	0.000000	0.000000
14	T	O	0.981602	0.000362	0.001459	0.016583	0.000000	0.000004	0.000002	0.000000	0.000000	0.000000	0.000000	0.000000	0.000000	0.000000	0.000000	0.000001	0.000000	0.000000
15	A	O	0.985077	0.000237	0.000955	0.013741	0.000000	0.000003	0.000002	0.000000	0.000000	0.000000	0.000000	0.000000	0.000000	0.000000	0.000000	0.000000	0.000000	0.000000
16	V	O	0.988657	0.000158	0.000611	0.010585	0.000000	0.000002	0.000001	0.000000	0.000000	0.000000	0.000000	0.000000	0.000000	0.000000	0.000000	0.000000	0.000000	0.000000
17	A	O	0.991740	0.000113	0.000365	0.007793	0.000000	0.000001	0.000001	0.000000	0.000000	0.000000	0.000000	0.000000	0.000000	0.000000	0.000000	0.000000	0.000000	0.000000
18	P	O	0.994530	0.000083	0.000228	0.005173	0.000000	0.000001	0.000001	0.000000	0.000000	0.000000	0.000000	0.000000	0.000000	0.000000	0.000000	0.000000	0.000000	0.000000
19	G	O	0.996644	0.000062	0.000153	0.003158	0.000000	0.000000	0.000000	0.000000	0.000000	0.000000	0.000000	0.000000	0.000000	0.000000	0.000000	0.000000	0.000000	0.000000
20	N	O	0.997909	0.000048	0.000103	0.001951	0.000000	0.000000	0.000000	0.000000	0.000000	0.000000	0.000000	0.000000	0.000000	0.000000	0.000000	0.000000	0.000000	0.000000
21	G	O	0.998708	0.000036	0.000074	0.001198	0.000000	0.000000	0.000000	0.000000	0.000000	0.000000	0.000000	0.000000	0.000000	0.000000	0.000000	0.000000	0.000000	0.000000
22	F	O	0.999203	0.000028	0.000055	0.000730	0.000000	0.000000	0.000000	0.000000	0.000000	0.000000	0.000000	0.000000	0.000000	0.000000	0.000000	0.000000	0.000000	0.000000
23	N	O	0.999487	0.000022	0.000040	0.000464	0.000000	0.000000	0.000000	0.000000	0.000000	0.000000	0.000000	0.000000	0.000000	0.000000	0.000000	0.000000	0.000000	0.000000
24	G	O	0.999679	0.000017	0.000031	0.000288	0.000000	0.000000	0.000000	0.000000	0.000000	0.000000	0.000000	0.000000	0.000000	0.000000	0.000000	0.000000	0.000000	0.000000
25	G	O	0.999796	0.000013	0.000025	0.000178	0.000000	0.000000	0.000000	0.000000	0.000000	0.000000	0.000000	0.000000	0.000000	0.000000	0.000000	0.000000	0.000000	0.000000
26	V	O	0.999870	0.000010	0.000021	0.000112	0.000000	0.000000	0.000000	0.000000	0.000000	0.000000	0.000000	0.000000	0.000000	0.000000	0.000000	0.000000	0.000000	0.000000
27	V	O	0.999914	0.000008	0.000017	0.000076	0.000000	0.000000	0.000000	0.000000	0.000000	0.000000	0.000000	0.000000	0.000000	0.000000	0.000000	0.000000	0.000000	0.000000
28	Y	O	0.999938	0.000006	0.000013	0.000053	0.000000	0.000000	0.000000	0.000000	0.000000	0.000000	0.000000	0.000000	0.000000	0.000000	0.000000	0.000000	0.000000	0.000000
29	Y	O	0.999952	0.000004	0.000011	0.000039	0.000000	0.000000	0.000000	0.000000	0.000000	0.000000	0.000000	0.000000	0.000000	0.000000	0.000000	0.000000	0.000000	0.000000
30	P	O	0.999965	0.000003	0.000008	0.000029	0.000000	0.000000	0.000000	0.000000	0.000000	0.000000	0.000000	0.000000	0.000000	0.000000	0.000000	0.000000	0.000000	0.000000
31	T	O	0.999971	0.000003	0.000007	0.000023	0.000000	0.000000	0.000000	0.000000	0.000000	0.000000	0.000000	0.000000	0.000000	0.000000	0.000000	0.000000	0.000000	0.000000
32	D	O	0.999980	0.000002	0.000005	0.000020	0.000000	0.000000	0.000000	0.000000	0.000000	0.000000	0.000000	0.000000	0.000000	0.000000	0.000000	0.000000	0.000000	0.000000
33	T	O	0.999982	0.000001	0.000003	0.000017	0.000000	0.000000	0.000000	0.000000	0.000000	0.000000	0.000000	0.000000	0.000000	0.000000	0.000000	0.000000	0.000000	0.000000
34	S	O	0.999987	0.000001	0.000002	0.000015	0.000000	0.000000	0.000000	0.000000	0.000000	0.000000	0.000000	0.000000	0.000000	0.000000	0.000000	0.000000	0.000000	0.000000
35	Q	O	0.999991	0.000001	0.000002	0.000013	0.000000	0.000000	0.000000	0.000000	0.000000	0.000000	0.000000	0.000000	0.000000	0.000000	0.000000	0.000000	0.000000	0.000000
36	G	O	0.999993	0.000001	0.000001	0.000011	0.000000	0.000000	0.000000	0.000000	0.000000	0.000000	0.000000	0.000000	0.000000	0.000000	0.000000	0.000000	0.000000	0.000000
37	T	O	0.999997	0.000000	0.000001	0.000008	0.000000	0.000000	0.000000	0.000000	0.000000	0.000000	0.000000	0.000000	0.000000	0.000000	0.000000	0.000000	0.000000	0.000000
38	F	O	1.000001	0.000000	0.000001	0.000006	0.000000	0.000000	0.000000	0.000000	0.000000	0.000000	0.000000	0.000000	0.000000	0.000000	0.000000	0.000000	0.000000	0.000000
39	G	O	0.999997	0.000000	0.000000	0.000005	0.000000	0.000000	0.000000	0.000000	0.000000	0.000000	0.000000	0.000000	0.000000	0.000000	0.000000	0.000000	0.000000	0.000000
40	A	O	1.000003	0.000000	0.000000	0.000003	0.000000	0.000000	0.000000	0.000000	0.000000	0.000000	0.000000	0.000000	0.000000	0.000000	0.000000	0.000000	0.000000	0.000000
41	L	O	1.000002	0.000000	0.000000	0.000002	0.000000	0.000000	0.000000	0.000000	0.000000	0.000000	0.000000	0.000000	0.000000	0.000000	0.000000	0.000000	0.000000	0.000000
42	A	O	1.000006	0.000000	0.000000	0.000001	0.000000	0.000000	0.000000	0.000000	0.000000	0.000000	0.000000	0.000000	0.000000	0.000000	0.000000	0.000000	0.000000	0.000000
43	I	O	1.000006	0.000000	0.000000	0.000001	0.000000	0.000000	0.000000	0.000000	0.000000	0.000000	0.000000	0.000000	0.000000	0.000000	0.000000	0.000000	0.000000	0.000000
44	V	O	1.000003	0.000000	0.000000	0.000001	0.000000	0.000000	0.000000	0.000000	0.000000	0.000000	0.000000	0.000000	0.000000	0.000000	0.000000	0.000000	0.000000	0.000000
45	P	O	1.000004	0.000000	0.000000	0.000001	0.000000	0.000000	0.000000	0.000000	0.000000	0.000000	0.000000	0.000000	0.000000	0.000000	0.000000	0.000000	0.000000	0.000000
46	G	O	1.000007	0.000000	0.000000	0.000000	0.000000	0.000000	0.000000	0.000000	0.000000	0.000000	0.000000	0.000000	0.000000	0.000000	0.000000	0.000000	0.000000	0.000000
47	Y	O	1.000007	0.000000	0.000000	0.000000	0.000000	0.000000	0.000000	0.000000	0.000000	0.000000	0.000000	0.000000	0.000000	0.000000	0.000000	0.000000	0.000000	0.000000
48	S	O	1.000006	0.000000	0.000000	0.000000	0.000000	0.000000	0.000000	0.000000	0.000000	0.000000	0.000000	0.000000	0.000000	0.000000	0.000000	0.000001	0.000000	0.000000
49	A	O	1.000005	0.000000	0.000000	0.000000	0.000001	0.000000	0.000000	0.000000	0.000000	0.000000	0.000000	0.000000	0.000000	0.000000	0.000000	0.000001	0.000000	0.000000
50	L	O	1.000004	0.000000	0.000000	0.000000	0.000001	0.000000	0.000000	0.000000	0.000000	0.000000	0.000000	0.000000	0.000000	0.000000	0.000000	0.000001	0.000000	0.000000
51	C	O	1.000004	0.000000	0.000000	0.000000	0.000002	0.000000	0.000000	0.000001	0.000000	0.000000	0.000000	0.000000	0.000000	0.000000	0.000000	0.000002	0.000000	0.000000
52	A	O	0.999996	0.000000	0.000000	0.000000	0.000003	0.000001	0.000000	0.000001	0.000000	0.000000	0.000000	0.000000	0.000000	0.000000	0.000000	0.000003	0.000000	0.000000
53	D	O	0.999993	0.000000	0.000000	0.000000	0.000005	0.000001	0.000000	0.000002	0.000000	0.000000	0.000000	0.000000	0.000000	0.000000	0.000000	0.000005	0.000000	0.000001
54	E	O	0.999982	0.000000	0.000000	0.000000	0.000009	0.000002	0.000000	0.000004	0.000001	0.000001	0.000000	0.000000	0.000000	0.000000	0.000000	0.000009	0.000001	0.000001
55	E	O	0.999958	0.000000	0.000000	0.000000	0.000014	0.000004	0.000000	0.000009	0.000001	0.000001	0.000001	0.000001	0.000000	0.000000	0.000000	0.000014	0.000001	0.000001
56	A	O	0.999929	0.000000	0.000000	0.000000	0.000021	0.000009	0.000001	0.000017	0.000002	0.000003	0.000001	0.000001	0.000000	0.000001	0.000000	0.000021	0.000003	0.000001
57	W	O	0.999881	0.000000	0.000000	0.000000	0.000028	0.000017	0.000001	0.000029	0.000003	0.000007	0.000002	0.000002	0.000001	0.000001	0.000001	0.000028	0.000007	0.000002
58	M	O	0.999816	0.000000	0.000000	0.000000	0.000033	0.000031	0.000002	0.000038	0.000006	0.000015	0.000003	0.000003	0.000001	0.000003	0.000001	0.000032	0.000015	0.000005
59	G	O	0.999750	0.000000	0.000000	0.000000	0.000038	0.000048	0.000004	0.000044	0.000010	0.000027	0.000007	0.000003	0.000001	0.000005	0.000001	0.000033	0.000026	0.000009
60	P	O	0.999678	0.000000	0.000000	0.000000	0.000039	0.000068	0.000008	0.000051	0.000010	0.000042	0.000011	0.000004	0.000001	0.000007	0.000002	0.000033	0.000035	0.000015
61	W	O	0.999626	0.000000	0.000000	0.000000	0.000029	0.000097	0.000008	0.000049	0.000006	0.000066	0.000016	0.000003	0.000001	0.000009	0.000002	0.000025	0.000045	0.000023
62	L	O	0.999586	0.000000	0.000000	0.000000	0.000018	0.000123	0.000009	0.000036	0.000007	0.000085	0.000025	0.000003	0.000001	0.000012	0.000002	0.000015	0.000049	0.000032
63	S	O	0.999547	0.000000	0.000000	0.000000	0.000016	0.000141	0.000013	0.000032	0.000004	0.000089	0.000044	0.000002	0.000001	0.000013	0.000004	0.000013	0.000038	0.000046
64	S	O	0.999537	0.000000	0.000000	0.000000	0.000012	0.000152	0.000021	0.000023	0.000002	0.000087	0.000064	0.000002	0.000000	0.000015	0.000004	0.000009	0.000030	0.000047
65	F	O	0.999548	0.000000	0.000000	0.000000	0.000006	0.000149	0.000036	0.000012	0.000002	0.000075	0.000083	0.000001	0.000000	0.000016	0.000005	0.000006	0.000022	0.000048
66	G	O	0.999581	0.000000	0.000000	0.000000	0.000002	0.000145	0.000033	0.000008	0.000001	0.000050	0.000106	0.000000	0.000000	0.000017	0.000005	0.000005	0.000018	0.000037
67	F	O	0.999611	0.000000	0.000000	0.000000	0.000000	0.000105	0.000070	0.000004	0.000000	0.000034	0.000097	0.000000	0.000000	0.000015	0.000010	0.000002	0.000017	0.000037
68	A	O	0.999670	0.000000	0.000000	0.000000	0.000000	0.000059	0.000075	0.000000	0.000000	0.000019	0.000094	0.000000	0.000000	0.000012	0.000015	0.000000	0.000011	0.000043
69	V	O	0.999757	0.000000	0.000000	0.000000	0.000000	0.000000	0.000087	0.000000	0.000000	0.000000	0.000082	0.000000	0.000000	0.000000	0.000033	0.000000	0.000000	0.000043
70	L	O	1.000000	0.000000	0.000000	0.000000	0.000000	0.000000	0.000000	0.000000	0.000000	0.000000	0.000000	0.000000	0.000000	0.000000	0.000000	0.000000	0.000000	0.000000
