# Name=tournament_wt_97
# pos	aa	label	Other	Sec/SPI n	Sec/SPI h	Sec/SPI c	Sec/SPII n	Sec/SPII h	Sec/SPII cys	Tat/SPI n	Tat/SPI RR	Tat/SPI h	Tat/SPI c	Tat/SPII n	Tat/SPII RR	Tat/SPII h	Tat/SPII cys	Sec/SPIII P	Sec/SPIII cons.	Sec/SPIII h
1	A	O	0.995110	0.004797	0.000000	0.000000	0.000079	0.000000	0.000000	0.000000	0.000000	0.000000	0.000000	0.000000	0.000000	0.000000	0.000000	0.000005	0.000000	0.000000
2	S	O	0.995117	0.003583	0.001214	0.000000	0.000059	0.000021	0.000000	0.000000	0.000000	0.000000	0.000000	0.000000	0.000000	0.000000	0.000000	0.000004	0.000001	0.000000
3	V	O	0.995117	0.002666	0.001826	0.000304	0.000043	0.000037	0.000000	0.000000	0.000000	0.000000	0.000000	0.000000	0.000000	0.000000	0.000000	0.000003	0.000001	0.000000
4	S	O	0.995137	0.002158	0.001726	0.000889	0.000032	0.000043	0.000004	0.000000	0.000000	0.000000	0.000000	0.000000	0.000000	0.000000	0.000000	0.000003	0.000001	0.000001
5	A	O	0.995221	0.001780	0.001514	0.001400	0.000025	0.000041	0.000009	0.000000	0.000000	0.000000	0.000000	0.000000	0.000000	0.000000	0.000000	0.000003	0.000001	0.000001
6	N	O	0.995388	0.001509	0.001251	0.001783	0.000020	0.000036	0.000010	0.000000	0.000000	0.000000	0.000000	0.000000	0.000000	0.000000	0.000000	0.000002	0.000001	0.000001
7	R	O	0.995600	0.001263	0.001078	0.001992	0.000016	0.000029	0.000011	0.000000	0.000000	0.000000	0.000000	0.000000	0.000000	0.000000	0.000000	0.000002	0.000000	0.000000
8	G	O	0.995870	0.001038	0.000958	0.002083	0.000012	0.000026	0.000007	0.000000	0.000000	0.000000	0.000000	0.000000	0.000000	0.000000	0.000000	0.000002	0.000000	0.000000
9	T	O	0.996212	0.000831	0.000906	0.002012	0.000009	0.000023	0.000006	0.000000	0.000000	0.000000	0.000000	0.000000	0.000000	0.000000	0.000000	0.000001	0.000000	0.000000
10	F	O	0.996569	0.000626	0.000901	0.001871	0.000006	0.000019	0.000006	0.000000	0.000000	0.000000	0.000000	0.000000	0.000000	0.000000	0.000000	0.000001	0.000000	0.000000
11	A	O	0.996962	0.000456	0.000882	0.001673	0.000005	0.000017	0.000005	0.000000	0.000000	0.000000	0.000000	0.000000	0.000000	0.000000	0.000000	0.000001	0.000000	0.000000
12	T	O	0.997379	0.000316	0.000862	0.001421	0.000003	0.000014	0.000004	0.000000	0.000000	0.000000	0.000000	0.000000	0.000000	0.000000	0.000000	0.000001	0.000000	0.000000
13	T	O	0.997647	0.000218	0.000752	0.001363	0.000002	0.000012	0.000003	0.000000	0.000000	0.000000	0.000000	0.000000	0.000000	0.000000	0.000000	0.000000	0.000000	0.000000
14	Q	O	0.997893	0.000148	0.000615	0.001325	0.000001	0.000010	0.000003	0.000000	0.000000	0.000000	0.000000	0.000000	0.000000	0.000000	0.000000	0.000000	0.000000	0.000000
15	V	O	0.998136	0.000093	0.000497	0.001257	0.000001	0.000008	0.000003	0.000000	0.000000	0.000000	0.000000	0.000000	0.000000	0.000000	0.000000	0.000000	0.000000	0.000000
16	A	O	0.998366	0.000061	0.000353	0.001209	0.000000	0.000006	0.000002	0.000000	0.000000	0.000000	0.000000	0.000000	0.000000	0.000000	0.000000	0.000000	0.000000	0.000000
17	V	O	0.998620	0.000039	0.000240	0.001096	0.000000	0.000004	0.000002	0.000000	0.000000	0.000000	0.000000	0.000000	0.000000	0.000000	0.000000	0.000000	0.000000	0.000000
18	A	O	0.998882	0.000029	0.000137	0.000947	0.000000	0.000003	0.000002	0.000000	0.000000	0.000000	0.000000	0.000000	0.000000	0.000000	0.000000	0.000000	0.000000	0.000000
19	A	O	0.999200	0.000022	0.000083	0.000697	0.000000	0.000002	0.000001	0.000000	0.000000	0.000000	0.000000	0.000000	0.000000	0.000000	0.000000	0.000000	0.000000	0.000000
20	G	O	0.999473	0.000018	0.000053	0.000456	0.000000	0.000001	0.000001	0.000000	0.000000	0.000000	0.000000	0.000000	0.000000	0.000000	0.000000	0.000000	0.000000	0.000000
21	N	O	0.999633	0.000015	0.000034	0.000317	0.000000	0.000001	0.000000	0.000000	0.000000	0.000000	0.000000	0.000000	0.000000	0.000000	0.000000	0.000000	0.000000	0.000000
22	G	O	0.999748	0.000012	0.000023	0.000215	0.000000	0.000000	0.000000	0.000000	0.000000	0.000000	0.000000	0.000000	0.000000	0.000000	0.000000	0.000000	0.000000	0.000000
23	F	O	0.999828	0.000010	0.000017	0.000142	0.000000	0.000000	0.000000	0.000000	0.000000	0.000000	0.000000	0.000000	0.000000	0.000000	0.000000	0.000000	0.000000	0.000000
24	G	O	0.999884	0.000008	0.000012	0.000096	0.000000	0.000000	0.000000	0.000000	0.000000	0.000000	0.000000	0.000000	0.000000	0.000000	0.000000	0.000000	0.000000	0.000000
25	G	O	0.999920	0.000007	0.000009	0.000059	0.000000	0.000000	0.000000	0.000000	0.000000	0.000000	0.000000	0.000000	0.000000	0.000000	0.000000	0.000000	0.000000	0.000000
26	G	O	0.999947	0.000006	0.000008	0.000034	0.000000	0.000000	0.000000	0.000000	0.000000	0.000000	0.000000	0.000000	0.000000	0.000000	0.000000	0.000000	0.000000	0.000000
27	V	O	0.999966	0.000005	0.000007	0.000019	0.000000	0.000000	0.000000	0.000000	0.000000	0.000000	0.000000	0.000000	0.000000	0.000000	0.000000	0.000000	0.000000	0.000000
28	I	O	0.999976	0.000005	0.000006	0.000013	0.000000	0.000000	0.000000	0.000000	0.000000	0.000000	0.000000	0.000000	0.000000	0.000000	0.000000	0.000000	0.000000	0.000000
29	Y	O	0.999979	0.000004	0.000005	0.000009	0.000000	0.000000	0.000000	0.000000	0.000000	0.000000	0.000000	0.000000	0.000000	0.000000	0.000000	0.000000	0.000000	0.000000
30	Y	O	0.999981	0.000004	0.000005	0.000008	0.000000	0.000000	0.000000	0.000000	0.000000	0.000000	0.000000	0.000000	0.000000	0.000000	0.000000	0.000000	0.000000	0.000000
31	P	O	0.999981	0.000003	0.000004	0.000007	0.000000	0.000000	0.000000	0.000000	0.000000	0.000000	0.000000	0.000000	0.000000	0.000000	0.000000	0.000000	0.000000	0.000000
32	T	O	0.999987	0.000003	0.000003	0.000006	0.000000	0.000000	0.000000	0.000000	0.000000	0.000000	0.000000	0.000000	0.000000	0.000000	0.000000	0.000000	0.000000	0.000000
33	D	O	0.999989	0.000002	0.000003	0.000006	0.000000	0.000000	0.000000	0.000000	0.000000	0.000000	0.000000	0.000000	0.000000	0.000000	0.000000	0.000000	0.000000	0.000000
34	T	O	0.999991	0.000002	0.000002	0.000006	0.000000	0.000000	0.000000	0.000000	0.000000	0.000000	0.000000	0.000000	0.000000	0.000000	0.000000	0.000000	0.000000	0.000000
35	S	O	0.999991	0.000002	0.000002	0.000006	0.000000	0.000000	0.000000	0.000000	0.000000	0.000000	0.000000	0.000000	0.000000	0.000000	0.000000	0.000000	0.000000	0.000000
36	Q	O	0.999995	0.000002	0.000001	0.000006	0.000000	0.000000	0.000000	0.000000	0.000000	0.000000	0.000000	0.000000	0.000000	0.000000	0.000000	0.000000	0.000000	0.000000
37	G	O	0.999994	0.000002	0.000001	0.000006	0.000000	0.000000	0.000000	0.000000	0.000000	0.000000	0.000000	0.000000	0.000000	0.000000	0.000000	0.000000	0.000000	0.000000
38	Q	O	0.999997	0.000001	0.000001	0.000005	0.000000	0.000000	0.000000	0.000000	0.000000	0.000000	0.000000	0.000000	0.000000	0.000000	0.000000	0.000000	0.000000	0.000000
39	F	O	0.999994	0.000001	0.000001	0.000005	0.000000	0.000000	0.000000	0.000000	0.000000	0.000000	0.000000	0.000000	0.000000	0.000000	0.000000	0.000000	0.000000	0.000000
40	G	O	0.999996	0.000001	0.000001	0.000004	0.000000	0.000000	0.000000	0.000000	0.000000	0.000000	0.000000	0.000000	0.000000	0.000000	0.000000	0.000000	0.000000	0.000000
41	A	O	0.999994	0.000001	0.000001	0.000004	0.000000	0.000000	0.000000	0.000000	0.000000	0.000000	0.000000	0.000000	0.000000	0.000000	0.000000	0.000000	0.000000	0.000000
42	I	O	0.999994	0.000001	0.000001	0.000003	0.000000	0.000000	0.000000	0.000000	0.000000	0.000000	0.000000	0.000000	0.000000	0.000000	0.000000	0.000000	0.000000	0.000000
43	A	O	0.999996	0.000001	0.000001	0.000003	0.000000	0.000000	0.000000	0.000000	0.000000	0.000000	0.000000	0.000000	0.000000	0.000000	0.000000	0.000000	0.000000	0.000000
44	V	O	0.999994	0.000001	0.000001	0.000003	0.000000	0.000000	0.000000	0.000000	0.000000	0.000000	0.000000	0.000000	0.000000	0.000000	0.000000	0.000000	0.000000	0.000000
45	V	O	0.999992	0.000000	0.000001	0.000003	0.000000	0.000000	0.000000	0.000000	0.000000	0.000000	0.000000	0.000000	0.000000	0.000000	0.000000	0.000000	0.000000	0.000000
46	P	O	0.999995	0.000000	0.000001	0.000003	0.000000	0.000000	0.000000	0.000000	0.000000	0.000000	0.000000	0.000000	0.000000	0.000000	0.000000	0.000000	0.000000	0.000000
47	G	O	0.999994	0.000000	0.000001	0.000003	0.000000	0.000000	0.000000	0.000000	0.000000	0.000000	0.000000	0.000000	0.000000	0.000000	0.000000	0.000000	0.000000	0.000000
48	Y	O	0.999992	0.000000	0.000001	0.000003	0.000001	0.000000	0.000000	0.000000	0.000000	0.000000	0.000000	0.000000	0.000000	0.000000	0.000000	0.000000	0.000000	0.000000
49	T	O	0.999993	0.000000	0.000000	0.000003	0.000001	0.000000	0.000000	0.000001	0.000000	0.000000	0.000000	0.000000	0.000000	0.000000	0.000000	0.000001	0.000000	0.000000
50	A	O	0.999994	0.000000	0.000000	0.000003	0.000001	0.000001	0.000000	0.000001	0.000000	0.000000	0.000000	0.000000	0.000000	0.000000	0.000000	0.000001	0.000000	0.000000
51	T	O	0.999991	0.000000	0.000000	0.000003	0.000001	0.000001	0.000000	0.000001	0.000000	0.000000	0.000000	0.000000	0.000000	0.000000	0.000000	0.000001	0.000000	0.000000
52	W	O	0.999993	0.000000	0.000000	0.000003	0.000002	0.000001	0.000000	0.000002	0.000000	0.000000	0.000000	0.000000	0.000000	0.000000	0.000000	0.000001	0.000000	0.000000
53	A	O	0.999991	0.000000	0.000000	0.000003	0.000002	0.000001	0.000000	0.000002	0.000000	0.000001	0.000001	0.000000	0.000000	0.000000	0.000000	0.000002	0.000000	0.000000
54	A	O	0.999988	0.000000	0.000000	0.000002	0.000002	0.000001	0.000000	0.000003	0.000001	0.000001	0.000001	0.000000	0.000000	0.000000	0.000000	0.000002	0.000000	0.000000
55	E	O	0.999987	0.000000	0.000000	0.000002	0.000003	0.000002	0.000000	0.000003	0.000001	0.000001	0.000001	0.000000	0.000000	0.000000	0.000000	0.000002	0.000000	0.000000
56	G	O	0.999981	0.000000	0.000000	0.000001	0.000004	0.000002	0.000000	0.000004	0.000001	0.000001	0.000001	0.000001	0.000000	0.000000	0.000000	0.000003	0.000000	0.000000
57	A	O	0.999974	0.000000	0.000000	0.000001	0.000004	0.000003	0.000000	0.000005	0.000001	0.000002	0.000001	0.000001	0.000000	0.000000	0.000000	0.000003	0.000001	0.000000
58	W	O	0.999969	0.000000	0.000000	0.000001	0.000005	0.000004	0.000000	0.000007	0.000001	0.000003	0.000001	0.000001	0.000000	0.000001	0.000000	0.000004	0.000001	0.000001
59	M	O	0.999966	0.000000	0.000000	0.000001	0.000005	0.000006	0.000001	0.000006	0.000001	0.000005	0.000002	0.000001	0.000000	0.000001	0.000000	0.000004	0.000002	0.000001
60	G	O	0.999958	0.000000	0.000000	0.000000	0.000005	0.000008	0.000001	0.000007	0.000001	0.000007	0.000003	0.000001	0.000000	0.000001	0.000000	0.000005	0.000003	0.000001
61	H	O	0.999948	0.000000	0.000000	0.000000	0.000005	0.000010	0.000001	0.000006	0.000001	0.000009	0.000004	0.000001	0.000000	0.000002	0.000000	0.000005	0.000004	0.000002
62	W	O	0.999941	0.000000	0.000000	0.000000	0.000003	0.000014	0.000002	0.000006	0.000001	0.000012	0.000005	0.000001	0.000000	0.000003	0.000001	0.000003	0.000006	0.000003
63	L	O	0.999941	0.000000	0.000000	0.000000	0.000002	0.000017	0.000002	0.000004	0.000001	0.000014	0.000006	0.000000	0.000000	0.000003	0.000001	0.000002	0.000007	0.000004
64	A	O	0.999939	0.000000	0.000000	0.000000	0.000001	0.000018	0.000003	0.000003	0.000001	0.000014	0.000008	0.000000	0.000000	0.000003	0.000001	0.000001	0.000006	0.000006
65	S	O	0.999939	0.000000	0.000000	0.000000	0.000001	0.000017	0.000004	0.000002	0.000000	0.000012	0.000011	0.000000	0.000000	0.000003	0.000001	0.000001	0.000004	0.000007
66	F	O	0.999943	0.000000	0.000000	0.000000	0.000000	0.000015	0.000006	0.000001	0.000000	0.000010	0.000013	0.000000	0.000000	0.000003	0.000001	0.000001	0.000002	0.000007
67	G	O	0.999950	0.000000	0.000000	0.000000	0.000000	0.000013	0.000005	0.000001	0.000000	0.000006	0.000016	0.000000	0.000000	0.000003	0.000002	0.000000	0.000002	0.000005
68	F	O	0.999960	0.000000	0.000000	0.000000	0.000000	0.000007	0.000010	0.000000	0.000000	0.000003	0.000015	0.000000	0.000000	0.000002	0.000003	0.000000	0.000002	0.000005
69	V	O	0.999973	0.000000	0.000000	0.000000	0.000000	0.000000	0.000010	0.000000	0.000000	0.000000	0.000014	0.000000	0.000000	0.000000	0.000005	0.000000	0.000000	0.000005
70	V	O	1.000003	0.000000	0.000000	0.000000	0.000000	0.000000	0.000000	0.000000	0.000000	0.000000	0.000000	0.000000	0.000000	0.000000	0.000000	0.000000	0.000000	0.000000
