# Name=tournament_wt_186
# pos	aa	label	Other	Sec/SPI n	Sec/SPI h	Sec/SPI c	Sec/SPII n	Sec/SPII h	Sec/SPII cys	Tat/SPI n	Tat/SPI RR	Tat/SPI h	Tat/SPI c	Tat/SPII n	Tat/SPII RR	Tat/SPII h	Tat/SPII cys	Sec/SPIII P	Sec/SPIII cons.	Sec/SPIII h
1	A	O	0.998614	0.001314	0.000000	0.000000	0.000021	0.000000	0.000000	0.000000	0.000000	0.000000	0.000000	0.000000	0.000000	0.000000	0.000000	0.000002	0.000000	0.000000
2	A	O	0.998622	0.000961	0.000353	0.000000	0.000014	0.000007	0.000000	0.000000	0.000000	0.000000	0.000000	0.000000	0.000000	0.000000	0.000000	0.000001	0.000000	0.000000
3	V	O	0.998619	0.000701	0.000500	0.000113	0.000009	0.000011	0.000000	0.000000	0.000000	0.000000	0.000000	0.000000	0.000000	0.000000	0.000000	0.000001	0.000000	0.000000
4	N	O	0.998648	0.000525	0.000494	0.000266	0.000006	0.000012	0.000002	0.000000	0.000000	0.000000	0.000000	0.000000	0.000000	0.000000	0.000000	0.000001	0.000000	0.000000
5	G	O	0.998704	0.000384	0.000448	0.000398	0.000004	0.000011	0.000003	0.000000	0.000000	0.000000	0.000000	0.000000	0.000000	0.000000	0.000000	0.000001	0.000000	0.000000
6	P	O	0.998797	0.000275	0.000396	0.000472	0.000003	0.000009	0.000003	0.000000	0.000000	0.000000	0.000000	0.000000	0.000000	0.000000	0.000000	0.000000	0.000000	0.000000
7	F	O	0.998895	0.000190	0.000332	0.000527	0.000002	0.000007	0.000003	0.000000	0.000000	0.000000	0.000000	0.000000	0.000000	0.000000	0.000000	0.000000	0.000000	0.000000
8	A	O	0.999009	0.000135	0.000251	0.000556	0.000001	0.000005	0.000002	0.000000	0.000000	0.000000	0.000000	0.000000	0.000000	0.000000	0.000000	0.000000	0.000000	0.000000
9	N	O	0.999118	0.000100	0.000173	0.000559	0.000001	0.000004	0.000002	0.000000	0.000000	0.000000	0.000000	0.000000	0.000000	0.000000	0.000000	0.000000	0.000000	0.000000
10	T	O	0.999254	0.000072	0.000130	0.000498	0.000001	0.000003	0.000001	0.000000	0.000000	0.000000	0.000000	0.000000	0.000000	0.000000	0.000000	0.000000	0.000000	0.000000
11	S	O	0.999384	0.000052	0.000100	0.000419	0.000000	0.000002	0.000001	0.000000	0.000000	0.000000	0.000000	0.000000	0.000000	0.000000	0.000000	0.000000	0.000000	0.000000
12	V	O	0.999500	0.000036	0.000081	0.000339	0.000000	0.000002	0.000001	0.000000	0.000000	0.000000	0.000000	0.000000	0.000000	0.000000	0.000000	0.000000	0.000000	0.000000
13	A	O	0.999595	0.000025	0.000062	0.000275	0.000000	0.000001	0.000001	0.000000	0.000000	0.000000	0.000000	0.000000	0.000000	0.000000	0.000000	0.000000	0.000000	0.000000
14	V	O	0.999677	0.000016	0.000048	0.000216	0.000000	0.000001	0.000000	0.000000	0.000000	0.000000	0.000000	0.000000	0.000000	0.000000	0.000000	0.000000	0.000000	0.000000
15	P	O	0.999740	0.000012	0.000032	0.000177	0.000000	0.000001	0.000000	0.000000	0.000000	0.000000	0.000000	0.000000	0.000000	0.000000	0.000000	0.000000	0.000000	0.000000
16	T	O	0.999792	0.000008	0.000022	0.000138	0.000000	0.000000	0.000000	0.000000	0.000000	0.000000	0.000000	0.000000	0.000000	0.000000	0.000000	0.000000	0.000000	0.000000
17	G	O	0.999835	0.000006	0.000014	0.000104	0.000000	0.000000	0.000000	0.000000	0.000000	0.000000	0.000000	0.000000	0.000000	0.000000	0.000000	0.000000	0.000000	0.000000
18	Y	O	0.999878	0.000005	0.000009	0.000075	0.000000	0.000000	0.000000	0.000000	0.000000	0.000000	0.000000	0.000000	0.000000	0.000000	0.000000	0.000000	0.000000	0.000000
19	G	O	0.999906	0.000004	0.000006	0.000052	0.000000	0.000000	0.000000	0.000000	0.000000	0.000000	0.000000	0.000000	0.000000	0.000000	0.000000	0.000000	0.000000	0.000000
20	F	O	0.999925	0.000003	0.000004	0.000034	0.000000	0.000000	0.000000	0.000000	0.000000	0.000000	0.000000	0.000000	0.000000	0.000000	0.000000	0.000000	0.000000	0.000000
21	N	O	0.999934	0.000003	0.000003	0.000023	0.000000	0.000000	0.000000	0.000000	0.000000	0.000000	0.000000	0.000000	0.000000	0.000000	0.000000	0.000000	0.000000	0.000000
22	G	O	0.999946	0.000002	0.000002	0.000015	0.000000	0.000000	0.000000	0.000000	0.000000	0.000000	0.000000	0.000000	0.000000	0.000000	0.000000	0.000000	0.000000	0.000000
23	G	O	0.999950	0.000002	0.000002	0.000009	0.000000	0.000000	0.000000	0.000000	0.000000	0.000000	0.000000	0.000000	0.000000	0.000000	0.000000	0.000000	0.000000	0.000000
24	R	O	0.999957	0.000002	0.000001	0.000006	0.000000	0.000000	0.000000	0.000000	0.000000	0.000000	0.000000	0.000000	0.000000	0.000000	0.000000	0.000000	0.000000	0.000000
25	I	O	0.999963	0.000002	0.000001	0.000004	0.000000	0.000000	0.000000	0.000000	0.000000	0.000000	0.000000	0.000000	0.000000	0.000000	0.000000	0.000000	0.000000	0.000000
26	Y	O	0.999965	0.000002	0.000001	0.000003	0.000000	0.000000	0.000000	0.000000	0.000000	0.000000	0.000000	0.000000	0.000000	0.000000	0.000000	0.000000	0.000000	0.000000
27	Y	O	0.999964	0.000001	0.000001	0.000002	0.000000	0.000000	0.000000	0.000000	0.000000	0.000000	0.000000	0.000000	0.000000	0.000000	0.000000	0.000000	0.000000	0.000000
28	P	O	0.999962	0.000001	0.000001	0.000002	0.000000	0.000000	0.000000	0.000000	0.000000	0.000000	0.000000	0.000000	0.000000	0.000000	0.000000	0.000000	0.000000	0.000000
29	T	O	0.999963	0.000001	0.000001	0.000002	0.000000	0.000000	0.000000	0.000000	0.000000	0.000000	0.000000	0.000000	0.000000	0.000000	0.000000	0.000000	0.000000	0.000000
30	D	O	0.999965	0.000001	0.000001	0.000001	0.000000	0.000000	0.000000	0.000000	0.000000	0.000000	0.000000	0.000000	0.000000	0.000000	0.000000	0.000000	0.000000	0.000000
31	T	O	0.999967	0.000001	0.000001	0.000001	0.000000	0.000000	0.000000	0.000000	0.000000	0.000000	0.000000	0.000000	0.000000	0.000000	0.000000	0.000000	0.000000	0.000000
32	S	O	0.999966	0.000001	0.000001	0.000001	0.000000	0.000000	0.000000	0.000000	0.000000	0.000000	0.000000	0.000000	0.000000	0.000000	0.000000	0.000000	0.000000	0.000000
33	Q	O	0.999966	0.000001	0.000001	0.000001	0.000000	0.000000	0.000000	0.000000	0.000000	0.000000	0.000000	0.000000	0.000000	0.000000	0.000000	0.000000	0.000000	0.000000
34	G	O	0.999965	0.000001	0.000001	0.000001	0.000000	0.000000	0.000000	0.000000	0.000000	0.000000	0.000000	0.000000	0.000000	0.000000	0.000000	0.000000	0.000000	0.000000
35	T	O	0.999970	0.000001	0.000001	0.000001	0.000000	0.000000	0.000000	0.000000	0.000000	0.000000	0.000000	0.000000	0.000000	0.000000	0.000000	0.000000	0.000000	0.000000
36	F	O	0.999965	0.000000	0.000001	0.000001	0.000000	0.000000	0.000000	0.000000	0.000000	0.000000	0.000000	0.000000	0.000000	0.000000	0.000000	0.000000	0.000000	0.000000
37	G	O	0.999965	0.000000	0.000001	0.000001	0.000000	0.000000	0.000000	0.000000	0.000000	0.000000	0.000000	0.000000	0.000000	0.000000	0.000000	0.000000	0.000000	0.000000
38	A	O	0.999967	0.000000	0.000001	0.000001	0.000000	0.000000	0.000000	0.000000	0.000000	0.000000	0.000000	0.000000	0.000000	0.000000	0.000000	0.000000	0.000000	0.000000
39	I	O	0.999967	0.000000	0.000001	0.000001	0.000000	0.000000	0.000000	0.000000	0.000000	0.000000	0.000000	0.000000	0.000000	0.000000	0.000000	0.000000	0.000000	0.000000
40	A	O	0.999964	0.000000	0.000001	0.000001	0.000000	0.000000	0.000000	0.000000	0.000000	0.000000	0.000000	0.000000	0.000000	0.000000	0.000000	0.000000	0.000000	0.000000
41	I	O	0.999972	0.000000	0.000001	0.000001	0.000000	0.000000	0.000000	0.000000	0.000000	0.000000	0.000000	0.000000	0.000000	0.000000	0.000000	0.000000	0.000000	0.000000
42	S	O	0.999968	0.000000	0.000001	0.000001	0.000000	0.000001	0.000000	0.000001	0.000000	0.000000	0.000000	0.000000	0.000000	0.000000	0.000000	0.000000	0.000000	0.000000
43	P	O	0.999966	0.000000	0.000000	0.000001	0.000000	0.000001	0.000000	0.000001	0.000000	0.000000	0.000000	0.000000	0.000000	0.000000	0.000000	0.000000	0.000000	0.000000
44	G	O	0.999968	0.000000	0.000000	0.000001	0.000000	0.000001	0.000000	0.000001	0.000000	0.000000	0.000000	0.000000	0.000000	0.000000	0.000000	0.000000	0.000000	0.000000
45	Y	O	0.999967	0.000000	0.000000	0.000001	0.000000	0.000001	0.000000	0.000001	0.000000	0.000000	0.000000	0.000000	0.000000	0.000000	0.000000	0.000000	0.000000	0.000000
46	T	O	0.999968	0.000000	0.000000	0.000000	0.000000	0.000001	0.000000	0.000001	0.000000	0.000001	0.000000	0.000000	0.000000	0.000000	0.000000	0.000000	0.000000	0.000000
47	A	O	0.999968	0.000000	0.000000	0.000000	0.000000	0.000001	0.000000	0.000002	0.000000	0.000001	0.000000	0.000000	0.000000	0.000000	0.000000	0.000000	0.000000	0.000000
48	L	O	0.999973	0.000000	0.000000	0.000000	0.000000	0.000002	0.000000	0.000002	0.000000	0.000001	0.000000	0.000000	0.000000	0.000001	0.000000	0.000000	0.000000	0.000000
49	F	O	0.999971	0.000000	0.000000	0.000000	0.000000	0.000002	0.000000	0.000002	0.000000	0.000001	0.000000	0.000000	0.000000	0.000001	0.000000	0.000000	0.000000	0.000000
50	S	O	0.999969	0.000000	0.000000	0.000000	0.000001	0.000002	0.000000	0.000003	0.000001	0.000001	0.000000	0.000000	0.000000	0.000001	0.000000	0.000000	0.000000	0.000000
51	V	O	0.999970	0.000000	0.000000	0.000000	0.000001	0.000002	0.000000	0.000003	0.000001	0.000002	0.000000	0.000000	0.000000	0.000001	0.000000	0.000000	0.000000	0.000000
52	E	O	0.999968	0.000000	0.000000	0.000000	0.000001	0.000002	0.000000	0.000004	0.000001	0.000002	0.000000	0.000000	0.000000	0.000001	0.000000	0.000001	0.000000	0.000000
53	L	O	0.999971	0.000000	0.000000	0.000000	0.000001	0.000002	0.000000	0.000004	0.000001	0.000002	0.000000	0.000000	0.000000	0.000001	0.000000	0.000001	0.000000	0.000000
54	A	O	0.999967	0.000000	0.000000	0.000000	0.000001	0.000002	0.000000	0.000005	0.000001	0.000003	0.000000	0.000000	0.000000	0.000001	0.000000	0.000001	0.000001	0.000000
55	W	O	0.999965	0.000000	0.000000	0.000000	0.000001	0.000002	0.000001	0.000006	0.000001	0.000004	0.000000	0.000000	0.000000	0.000001	0.000000	0.000001	0.000001	0.000000
56	M	O	0.999964	0.000000	0.000000	0.000000	0.000001	0.000003	0.000001	0.000005	0.000001	0.000005	0.000001	0.000000	0.000000	0.000001	0.000000	0.000001	0.000001	0.000001
57	G	O	0.999963	0.000000	0.000000	0.000000	0.000001	0.000003	0.000000	0.000005	0.000002	0.000005	0.000001	0.000000	0.000000	0.000001	0.000000	0.000001	0.000001	0.000001
58	P	O	0.999961	0.000000	0.000000	0.000000	0.000001	0.000003	0.000001	0.000006	0.000002	0.000006	0.000002	0.000000	0.000000	0.000001	0.000000	0.000001	0.000001	0.000001
59	W	O	0.999960	0.000000	0.000000	0.000000	0.000001	0.000003	0.000001	0.000007	0.000001	0.000007	0.000002	0.000000	0.000000	0.000001	0.000000	0.000001	0.000001	0.000001
60	L	O	0.999960	0.000000	0.000000	0.000000	0.000001	0.000004	0.000001	0.000005	0.000001	0.000009	0.000003	0.000000	0.000000	0.000001	0.000000	0.000001	0.000002	0.000001
61	A	O	0.999959	0.000000	0.000000	0.000000	0.000001	0.000004	0.000001	0.000004	0.000001	0.000009	0.000004	0.000000	0.000000	0.000001	0.000000	0.000001	0.000002	0.000001
62	S	O	0.999960	0.000000	0.000000	0.000000	0.000001	0.000004	0.000001	0.000004	0.000001	0.000009	0.000006	0.000000	0.000000	0.000001	0.000000	0.000001	0.000002	0.000002
63	H	O	0.999962	0.000000	0.000000	0.000000	0.000001	0.000004	0.000001	0.000002	0.000001	0.000009	0.000007	0.000000	0.000000	0.000001	0.000000	0.000001	0.000001	0.000002
64	G	O	0.999968	0.000000	0.000000	0.000000	0.000000	0.000005	0.000001	0.000002	0.000000	0.000008	0.000008	0.000000	0.000000	0.000001	0.000000	0.000000	0.000001	0.000001
65	F	O	0.999968	0.000000	0.000000	0.000000	0.000000	0.000004	0.000001	0.000001	0.000000	0.000007	0.000008	0.000000	0.000000	0.000001	0.000000	0.000000	0.000001	0.000002
66	V	O	0.999969	0.000000	0.000000	0.000000	0.000000	0.000004	0.000001	0.000001	0.000000	0.000006	0.000008	0.000000	0.000000	0.000001	0.000000	0.000000	0.000001	0.000002
67	V	O	0.999971	0.000000	0.000000	0.000000	0.000000	0.000004	0.000001	0.000000	0.000000	0.000004	0.000008	0.000000	0.000000	0.000001	0.000000	0.000000	0.000001	0.000002
68	I	O	0.999977	0.000000	0.000000	0.000000	0.000000	0.000002	0.000003	0.000000	0.000000	0.000002	0.000008	0.000000	0.000000	0.000001	0.000001	0.000000	0.000000	0.000002
69	G	O	0.999982	0.000000	0.000000	0.000000	0.000000	0.000000	0.000003	0.000000	0.000000	0.000000	0.000007	0.000000	0.000000	0.000000	0.000002	0.000000	0.000000	0.000002
70	I	O	0.999997	0.000000	0.000000	0.000000	0.000000	0.000000	0.000000	0.000000	0.000000	0.000000	0.000000	0.000000	0.000000	0.000000	0.000000	0.000000	0.000000	0.000000
