# Name=tournament_wt_184
# pos	aa	label	Other	Sec/SPI n	Sec/SPI h	Sec/SPI c	Sec/SPII n	Sec/SPII h	Sec/SPII cys	Tat/SPI n	Tat/SPI RR	Tat/SPI h	Tat/SPI c	Tat/SPII n	Tat/SPII RR	Tat/SPII h	Tat/SPII cys	Sec/SPIII P	Sec/SPIII cons.	Sec/SPIII h
1	A	O	0.993420	0.006359	0.000000	0.000000	0.000195	0.000000	0.000000	0.000001	0.000000	0.000000	0.000000	0.000000	0.000000	0.000000	0.000000	0.000018	0.000000	0.000000
2	I	O	0.993426	0.004768	0.001590	0.000000	0.000139	0.000056	0.000000	0.000001	0.000000	0.000000	0.000000	0.000000	0.000000	0.000000	0.000000	0.000015	0.000004	0.000000
3	L	O	0.993435	0.003963	0.002037	0.000359	0.000106	0.000089	0.000000	0.000000	0.000000	0.000000	0.000000	0.000000	0.000000	0.000000	0.000000	0.000012	0.000003	0.000003
4	E	O	0.993450	0.003413	0.002070	0.000865	0.000083	0.000099	0.000013	0.000000	0.000000	0.000000	0.000000	0.000000	0.000000	0.000000	0.000000	0.000010	0.000003	0.000003
5	A	O	0.993498	0.002892	0.002126	0.001300	0.000066	0.000094	0.000022	0.000000	0.000000	0.000000	0.000000	0.000000	0.000000	0.000000	0.000000	0.000009	0.000002	0.000003
6	S	O	0.993568	0.002444	0.002077	0.001751	0.000054	0.000084	0.000022	0.000000	0.000000	0.000000	0.000000	0.000000	0.000000	0.000000	0.000000	0.000008	0.000002	0.000002
7	R	O	0.993647	0.002026	0.001995	0.002194	0.000044	0.000070	0.000024	0.000000	0.000000	0.000000	0.000000	0.000000	0.000000	0.000000	0.000000	0.000007	0.000002	0.000002
8	G	O	0.993746	0.001628	0.001922	0.002592	0.000035	0.000060	0.000018	0.000000	0.000000	0.000000	0.000000	0.000000	0.000000	0.000000	0.000000	0.000006	0.000001	0.000001
9	P	O	0.993870	0.001281	0.001830	0.002935	0.000028	0.000052	0.000015	0.000000	0.000000	0.000000	0.000000	0.000000	0.000000	0.000000	0.000000	0.000005	0.000001	0.000001
10	F	O	0.993984	0.000979	0.001678	0.003289	0.000021	0.000047	0.000012	0.000000	0.000000	0.000000	0.000000	0.000000	0.000000	0.000000	0.000000	0.000004	0.000001	0.000001
11	T	O	0.994101	0.000769	0.001384	0.003687	0.000017	0.000043	0.000009	0.000000	0.000000	0.000000	0.000000	0.000000	0.000000	0.000000	0.000000	0.000004	0.000001	0.000001
12	T	O	0.994256	0.000607	0.001117	0.003971	0.000013	0.000037	0.000009	0.000000	0.000000	0.000000	0.000000	0.000000	0.000000	0.000000	0.000000	0.000003	0.000001	0.000001
13	A	O	0.994496	0.000477	0.000930	0.004057	0.000010	0.000031	0.000009	0.000000	0.000000	0.000000	0.000000	0.000000	0.000000	0.000000	0.000000	0.000003	0.000001	0.000001
14	S	O	0.994845	0.000374	0.000786	0.003966	0.000007	0.000026	0.000008	0.000000	0.000000	0.000000	0.000000	0.000000	0.000000	0.000000	0.000000	0.000002	0.000001	0.000001
15	Q	O	0.995268	0.000284	0.000684	0.003746	0.000005	0.000021	0.000007	0.000000	0.000000	0.000000	0.000000	0.000000	0.000000	0.000000	0.000000	0.000002	0.000001	0.000001
16	S	O	0.995733	0.000212	0.000591	0.003446	0.000004	0.000018	0.000005	0.000000	0.000000	0.000000	0.000000	0.000000	0.000000	0.000000	0.000000	0.000002	0.000001	0.000001
17	V	O	0.996321	0.000151	0.000528	0.002989	0.000002	0.000015	0.000004	0.000000	0.000000	0.000000	0.000000	0.000000	0.000000	0.000000	0.000000	0.000001	0.000001	0.000000
18	S	O	0.996786	0.000110	0.000428	0.002672	0.000002	0.000012	0.000004	0.000000	0.000000	0.000000	0.000000	0.000000	0.000000	0.000000	0.000000	0.000001	0.000000	0.000001
19	S	O	0.997355	0.000076	0.000364	0.002210	0.000001	0.000009	0.000003	0.000000	0.000000	0.000000	0.000000	0.000000	0.000000	0.000000	0.000000	0.000001	0.000000	0.000000
20	L	O	0.997945	0.000049	0.000319	0.001692	0.000001	0.000007	0.000002	0.000000	0.000000	0.000000	0.000000	0.000000	0.000000	0.000000	0.000000	0.000001	0.000000	0.000000
21	S	O	0.998321	0.000033	0.000249	0.001406	0.000000	0.000005	0.000002	0.000000	0.000000	0.000000	0.000000	0.000000	0.000000	0.000000	0.000000	0.000000	0.000000	0.000000
22	V	O	0.998655	0.000022	0.000190	0.001141	0.000000	0.000004	0.000001	0.000000	0.000000	0.000000	0.000000	0.000000	0.000000	0.000000	0.000000	0.000000	0.000000	0.000000
23	T	O	0.998916	0.000016	0.000123	0.000958	0.000000	0.000003	0.000001	0.000000	0.000000	0.000000	0.000000	0.000000	0.000000	0.000000	0.000000	0.000000	0.000000	0.000000
24	G	O	0.999162	0.000012	0.000077	0.000764	0.000000	0.000002	0.000001	0.000000	0.000000	0.000000	0.000000	0.000000	0.000000	0.000000	0.000000	0.000000	0.000000	0.000000
25	F	O	0.999446	0.000010	0.000052	0.000505	0.000000	0.000001	0.000001	0.000000	0.000000	0.000000	0.000000	0.000000	0.000000	0.000000	0.000000	0.000000	0.000000	0.000000
26	G	O	0.999637	0.000009	0.000034	0.000339	0.000000	0.000001	0.000001	0.000000	0.000000	0.000000	0.000000	0.000000	0.000000	0.000000	0.000000	0.000000	0.000000	0.000000
27	G	O	0.999775	0.000007	0.000025	0.000206	0.000000	0.000000	0.000000	0.000000	0.000000	0.000000	0.000000	0.000000	0.000000	0.000000	0.000000	0.000000	0.000000	0.000000
28	G	O	0.999865	0.000006	0.000020	0.000127	0.000000	0.000000	0.000000	0.000000	0.000000	0.000000	0.000000	0.000000	0.000000	0.000000	0.000000	0.000000	0.000000	0.000000
29	V	O	0.999915	0.000005	0.000017	0.000083	0.000000	0.000000	0.000000	0.000000	0.000000	0.000000	0.000000	0.000000	0.000000	0.000000	0.000000	0.000000	0.000000	0.000000
30	I	O	0.999942	0.000004	0.000014	0.000061	0.000000	0.000000	0.000000	0.000000	0.000000	0.000000	0.000000	0.000000	0.000000	0.000000	0.000000	0.000000	0.000000	0.000000
31	Y	O	0.999956	0.000003	0.000011	0.000050	0.000000	0.000000	0.000000	0.000000	0.000000	0.000000	0.000000	0.000000	0.000000	0.000000	0.000000	0.000000	0.000000	0.000000
32	Y	O	0.999970	0.000003	0.000009	0.000042	0.000000	0.000000	0.000000	0.000000	0.000000	0.000000	0.000000	0.000000	0.000000	0.000000	0.000000	0.000000	0.000000	0.000000
33	P	O	0.999976	0.000002	0.000007	0.000037	0.000000	0.000000	0.000000	0.000000	0.000000	0.000000	0.000000	0.000000	0.000000	0.000000	0.000000	0.000000	0.000000	0.000000
34	T	O	0.999981	0.000002	0.000005	0.000034	0.000000	0.000000	0.000000	0.000000	0.000000	0.000000	0.000000	0.000000	0.000000	0.000000	0.000000	0.000000	0.000000	0.000000
35	S	O	0.999982	0.000002	0.000004	0.000033	0.000000	0.000000	0.000000	0.000000	0.000000	0.000000	0.000000	0.000000	0.000000	0.000000	0.000000	0.000000	0.000000	0.000000
36	T	O	0.999982	0.000001	0.000002	0.000031	0.000000	0.000000	0.000000	0.000000	0.000000	0.000000	0.000000	0.000000	0.000000	0.000000	0.000000	0.000000	0.000000	0.000000
37	S	O	0.999986	0.000001	0.000002	0.000028	0.000000	0.000000	0.000000	0.000000	0.000000	0.000000	0.000000	0.000000	0.000000	0.000000	0.000000	0.000000	0.000000	0.000000
38	E	O	0.999987	0.000001	0.000001	0.000025	0.000000	0.000000	0.000000	0.000000	0.000000	0.000000	0.000000	0.000000	0.000000	0.000000	0.000000	0.000000	0.000000	0.000000
39	G	O	0.999994	0.000001	0.000001	0.000023	0.000000	0.000000	0.000000	0.000000	0.000000	0.000000	0.000000	0.000000	0.000000	0.000000	0.000000	0.000000	0.000000	0.000000
40	T	O	0.999997	0.000001	0.000001	0.000020	0.000000	0.000000	0.000000	0.000000	0.000000	0.000000	0.000000	0.000000	0.000000	0.000000	0.000000	0.000000	0.000000	0.000000
41	F	O	0.999999	0.000001	0.000001	0.000017	0.000000	0.000000	0.000000	0.000000	0.000000	0.000000	0.000000	0.000000	0.000000	0.000000	0.000000	0.000000	0.000000	0.000000
42	G	O	0.999996	0.000001	0.000001	0.000015	0.000000	0.000000	0.000000	0.000000	0.000000	0.000000	0.000000	0.000000	0.000000	0.000000	0.000000	0.000000	0.000000	0.000000
43	A	O	0.999997	0.000001	0.000001	0.000013	0.000000	0.000000	0.000000	0.000000	0.000000	0.000000	0.000000	0.000000	0.000000	0.000000	0.000000	0.000000	0.000000	0.000000
44	I	O	0.999996	0.000000	0.000001	0.000012	0.000000	0.000000	0.000000	0.000000	0.000000	0.000000	0.000000	0.000000	0.000000	0.000000	0.000000	0.000000	0.000000	0.000000
45	A	O	0.999999	0.000000	0.000001	0.000010	0.000000	0.000000	0.000000	0.000000	0.000000	0.000000	0.000000	0.000000	0.000000	0.000000	0.000000	0.000001	0.000000	0.000000
46	I	O	0.999997	0.000000	0.000001	0.000010	0.000000	0.000000	0.000000	0.000001	0.000000	0.000000	0.000000	0.000000	0.000000	0.000000	0.000000	0.000001	0.000000	0.000000
47	S	O	1.000004	0.000000	0.000000	0.000009	0.000000	0.000001	0.000000	0.000001	0.000000	0.000000	0.000000	0.000000	0.000000	0.000000	0.000000	0.000001	0.000000	0.000000
48	P	O	1.000004	0.000000	0.000000	0.000008	0.000001	0.000001	0.000000	0.000001	0.000000	0.000001	0.000001	0.000000	0.000000	0.000000	0.000000	0.000001	0.000000	0.000000
49	G	O	1.000004	0.000000	0.000000	0.000008	0.000001	0.000001	0.000000	0.000001	0.000000	0.000001	0.000001	0.000000	0.000000	0.000000	0.000000	0.000001	0.000000	0.000000
50	Y	O	1.000000	0.000000	0.000000	0.000007	0.000001	0.000001	0.000000	0.000002	0.000000	0.000001	0.000001	0.000000	0.000000	0.000000	0.000000	0.000002	0.000000	0.000000
51	T	O	1.000002	0.000000	0.000000	0.000007	0.000001	0.000001	0.000000	0.000003	0.000000	0.000001	0.000002	0.000000	0.000000	0.000000	0.000000	0.000003	0.000001	0.000001
52	A	O	1.000001	0.000000	0.000000	0.000006	0.000001	0.000001	0.000000	0.000003	0.000000	0.000002	0.000002	0.000000	0.000000	0.000000	0.000000	0.000003	0.000001	0.000001
53	S	O	0.999995	0.000000	0.000000	0.000005	0.000001	0.000002	0.000001	0.000004	0.000000	0.000002	0.000002	0.000000	0.000000	0.000000	0.000000	0.000004	0.000001	0.000001
54	W	O	0.999991	0.000000	0.000000	0.000005	0.000002	0.000002	0.000001	0.000005	0.000001	0.000003	0.000003	0.000000	0.000000	0.000000	0.000000	0.000004	0.000001	0.000001
55	S	O	0.999988	0.000000	0.000000	0.000004	0.000002	0.000002	0.000001	0.000006	0.000001	0.000003	0.000003	0.000000	0.000000	0.000000	0.000000	0.000005	0.000001	0.000001
56	S	O	0.999986	0.000000	0.000000	0.000003	0.000002	0.000003	0.000001	0.000007	0.000001	0.000004	0.000004	0.000000	0.000000	0.000000	0.000000	0.000005	0.000002	0.000002
57	I	O	0.999980	0.000000	0.000000	0.000003	0.000002	0.000003	0.000001	0.000008	0.000001	0.000006	0.000005	0.000000	0.000000	0.000000	0.000000	0.000006	0.000002	0.000002
58	S	O	0.999977	0.000000	0.000000	0.000002	0.000002	0.000003	0.000001	0.000010	0.000001	0.000006	0.000007	0.000000	0.000000	0.000000	0.000000	0.000007	0.000003	0.000003
59	W	O	0.999963	0.000000	0.000000	0.000002	0.000002	0.000004	0.000001	0.000012	0.000001	0.000008	0.000008	0.000000	0.000000	0.000001	0.000001	0.000007	0.000003	0.000003
60	L	O	0.999960	0.000000	0.000000	0.000001	0.000002	0.000004	0.000001	0.000013	0.000002	0.000011	0.000010	0.000000	0.000000	0.000001	0.000001	0.000008	0.000003	0.000003
61	G	O	0.999952	0.000000	0.000000	0.000001	0.000002	0.000004	0.000001	0.000015	0.000002	0.000013	0.000014	0.000000	0.000000	0.000001	0.000001	0.000009	0.000003	0.000004
62	P	O	0.999939	0.000000	0.000000	0.000001	0.000002	0.000004	0.000002	0.000017	0.000002	0.000015	0.000019	0.000000	0.000000	0.000001	0.000001	0.000011	0.000004	0.000004
63	R	O	0.999922	0.000000	0.000000	0.000001	0.000002	0.000005	0.000002	0.000018	0.000003	0.000018	0.000025	0.000000	0.000000	0.000001	0.000001	0.000012	0.000005	0.000005
64	I	O	0.999899	0.000000	0.000000	0.000000	0.000002	0.000006	0.000002	0.000019	0.000002	0.000024	0.000033	0.000000	0.000000	0.000002	0.000002	0.000013	0.000007	0.000006
65	A	O	0.999888	0.000000	0.000000	0.000000	0.000001	0.000007	0.000002	0.000017	0.000001	0.000027	0.000046	0.000000	0.000000	0.000002	0.000003	0.000013	0.000008	0.000008
66	S	O	0.999865	0.000000	0.000000	0.000000	0.000001	0.000007	0.000003	0.000012	0.000000	0.000029	0.000060	0.000000	0.000000	0.000003	0.000004	0.000010	0.000010	0.000010
67	H	O	0.999864	0.000000	0.000000	0.000000	0.000000	0.000005	0.000004	0.000004	0.000000	0.000025	0.000069	0.000000	0.000000	0.000003	0.000005	0.000005	0.000011	0.000013
68	G	O	0.999879	0.000000	0.000000	0.000000	0.000000	0.000003	0.000004	0.000000	0.000000	0.000012	0.000073	0.000000	0.000000	0.000003	0.000006	0.000000	0.000009	0.000015
69	F	O	0.999928	0.000000	0.000000	0.000000	0.000000	0.000000	0.000006	0.000000	0.000000	0.000000	0.000045	0.000000	0.000000	0.000000	0.000009	0.000000	0.000000	0.000015
70	V	O	0.999998	0.000000	0.000000	0.000000	0.000000	0.000000	0.000000	0.000000	0.000000	0.000000	0.000000	0.000000	0.000000	0.000000	0.000000	0.000000	0.000000	0.000000
