# Name=tournament_wt_120
# pos	aa	label	Other	Sec/SPI n	Sec/SPI h	Sec/SPI c	Sec/SPII n	Sec/SPII h	Sec/SPII cys	Tat/SPI n	Tat/SPI RR	Tat/SPI h	Tat/SPI c	Tat/SPII n	Tat/SPII RR	Tat/SPII h	Tat/SPII cys	Sec/SPIII P	Sec/SPIII cons.	Sec/SPIII h
1	S	O	0.994960	0.004855	0.000000	0.000000	0.000168	0.000000	0.000000	0.000001	0.000000	0.000000	0.000000	0.000000	0.000000	0.000000	0.000000	0.000023	0.000000	0.000000
2	I	O	0.994963	0.003237	0.001618	0.000000	0.000116	0.000052	0.000000	0.000001	0.000000	0.000000	0.000000	0.000000	0.000000	0.000000	0.000000	0.000018	0.000005	0.000000
3	E	O	0.994962	0.002509	0.001879	0.000467	0.000085	0.000083	0.000000	0.000001	0.000000	0.000000	0.000000	0.000000	0.000000	0.000000	0.000000	0.000015	0.000005	0.000004
4	A	O	0.994983	0.001919	0.001965	0.000955	0.000062	0.000095	0.000012	0.000001	0.000000	0.000000	0.000000	0.000000	0.000000	0.000000	0.000000	0.000012	0.000004	0.000004
5	T	O	0.995039	0.001484	0.001841	0.001476	0.000046	0.000093	0.000018	0.000000	0.000000	0.000000	0.000000	0.000000	0.000000	0.000000	0.000000	0.000010	0.000004	0.000003
6	R	O	0.995115	0.001149	0.001577	0.002023	0.000034	0.000081	0.000024	0.000000	0.000000	0.000000	0.000000	0.000000	0.000000	0.000000	0.000000	0.000008	0.000003	0.000003
7	G	O	0.995231	0.000876	0.001333	0.002452	0.000025	0.000068	0.000022	0.000000	0.000000	0.000000	0.000000	0.000000	0.000000	0.000000	0.000000	0.000007	0.000002	0.000003
8	P	O	0.995399	0.000670	0.001106	0.002743	0.000018	0.000055	0.000020	0.000000	0.000000	0.000000	0.000000	0.000000	0.000000	0.000000	0.000000	0.000005	0.000002	0.000002
9	F	O	0.995592	0.000508	0.000906	0.002931	0.000013	0.000044	0.000016	0.000000	0.000000	0.000000	0.000000	0.000000	0.000000	0.000000	0.000000	0.000004	0.000002	0.000002
10	A	O	0.995816	0.000403	0.000672	0.003060	0.000010	0.000036	0.000012	0.000000	0.000000	0.000000	0.000000	0.000000	0.000000	0.000000	0.000000	0.000004	0.000001	0.000001
11	T	O	0.996133	0.000321	0.000529	0.002983	0.000007	0.000027	0.000012	0.000000	0.000000	0.000000	0.000000	0.000000	0.000000	0.000000	0.000000	0.000003	0.000001	0.000001
12	A	O	0.996584	0.000252	0.000452	0.002688	0.000005	0.000020	0.000009	0.000000	0.000000	0.000000	0.000000	0.000000	0.000000	0.000000	0.000000	0.000002	0.000001	0.000001
13	S	O	0.997080	0.000197	0.000395	0.002313	0.000004	0.000015	0.000006	0.000000	0.000000	0.000000	0.000000	0.000000	0.000000	0.000000	0.000000	0.000002	0.000001	0.000001
14	T	O	0.997476	0.000149	0.000345	0.002027	0.000003	0.000012	0.000004	0.000000	0.000000	0.000000	0.000000	0.000000	0.000000	0.000000	0.000000	0.000001	0.000001	0.000001
15	T	O	0.997791	0.000111	0.000291	0.001805	0.000002	0.000010	0.000003	0.000000	0.000000	0.000000	0.000000	0.000000	0.000000	0.000000	0.000000	0.000001	0.000000	0.000001
16	V	O	0.998067	0.000081	0.000240	0.001613	0.000001	0.000008	0.000003	0.000000	0.000000	0.000000	0.000000	0.000000	0.000000	0.000000	0.000000	0.000001	0.000000	0.000000
17	S	O	0.998303	0.000063	0.000175	0.001467	0.000001	0.000006	0.000002	0.000000	0.000000	0.000000	0.000000	0.000000	0.000000	0.000000	0.000000	0.000001	0.000000	0.000000
18	S	O	0.998576	0.000048	0.000133	0.001250	0.000001	0.000004	0.000002	0.000000	0.000000	0.000000	0.000000	0.000000	0.000000	0.000000	0.000000	0.000001	0.000000	0.000000
19	W	O	0.998839	0.000037	0.000103	0.001034	0.000000	0.000003	0.000001	0.000000	0.000000	0.000000	0.000000	0.000000	0.000000	0.000000	0.000000	0.000000	0.000000	0.000000
20	S	O	0.999030	0.000029	0.000075	0.000879	0.000000	0.000002	0.000001	0.000000	0.000000	0.000000	0.000000	0.000000	0.000000	0.000000	0.000000	0.000000	0.000000	0.000000
21	V	O	0.999221	0.000022	0.000055	0.000722	0.000000	0.000002	0.000001	0.000000	0.000000	0.000000	0.000000	0.000000	0.000000	0.000000	0.000000	0.000000	0.000000	0.000000
22	S	O	0.999363	0.000019	0.000034	0.000607	0.000000	0.000001	0.000001	0.000000	0.000000	0.000000	0.000000	0.000000	0.000000	0.000000	0.000000	0.000000	0.000000	0.000000
23	G	O	0.999514	0.000016	0.000022	0.000470	0.000000	0.000001	0.000000	0.000000	0.000000	0.000000	0.000000	0.000000	0.000000	0.000000	0.000000	0.000000	0.000000	0.000000
24	F	O	0.999702	0.000015	0.000017	0.000285	0.000000	0.000000	0.000000	0.000000	0.000000	0.000000	0.000000	0.000000	0.000000	0.000000	0.000000	0.000000	0.000000	0.000000
25	G	O	0.999807	0.000013	0.000013	0.000189	0.000000	0.000000	0.000000	0.000000	0.000000	0.000000	0.000000	0.000000	0.000000	0.000000	0.000000	0.000000	0.000000	0.000000
26	G	O	0.999889	0.000012	0.000012	0.000112	0.000000	0.000000	0.000000	0.000000	0.000000	0.000000	0.000000	0.000000	0.000000	0.000000	0.000000	0.000000	0.000000	0.000000
27	G	O	0.999932	0.000010	0.000011	0.000071	0.000000	0.000000	0.000000	0.000000	0.000000	0.000000	0.000000	0.000000	0.000000	0.000000	0.000000	0.000000	0.000000	0.000000
28	T	O	0.999959	0.000009	0.000011	0.000048	0.000000	0.000000	0.000000	0.000000	0.000000	0.000000	0.000000	0.000000	0.000000	0.000000	0.000000	0.000000	0.000000	0.000000
29	I	O	0.999970	0.000008	0.000010	0.000037	0.000000	0.000000	0.000000	0.000000	0.000000	0.000000	0.000000	0.000000	0.000000	0.000000	0.000000	0.000000	0.000000	0.000000
30	Y	O	0.999979	0.000006	0.000010	0.000032	0.000000	0.000000	0.000000	0.000000	0.000000	0.000000	0.000000	0.000000	0.000000	0.000000	0.000000	0.000000	0.000000	0.000000
31	Y	O	0.999986	0.000006	0.000009	0.000029	0.000000	0.000000	0.000000	0.000000	0.000000	0.000000	0.000000	0.000000	0.000000	0.000000	0.000000	0.000000	0.000000	0.000000
32	P	O	0.999988	0.000005	0.000008	0.000028	0.000000	0.000000	0.000000	0.000000	0.000000	0.000000	0.000000	0.000000	0.000000	0.000000	0.000000	0.000000	0.000000	0.000000
33	T	O	0.999989	0.000004	0.000007	0.000027	0.000000	0.000000	0.000000	0.000000	0.000000	0.000000	0.000000	0.000000	0.000000	0.000000	0.000000	0.000000	0.000000	0.000000
34	S	O	0.999992	0.000003	0.000005	0.000027	0.000000	0.000000	0.000000	0.000000	0.000000	0.000000	0.000000	0.000000	0.000000	0.000000	0.000000	0.000000	0.000000	0.000000
35	T	O	0.999985	0.000003	0.000004	0.000027	0.000000	0.000000	0.000000	0.000000	0.000000	0.000000	0.000000	0.000000	0.000000	0.000000	0.000000	0.000000	0.000000	0.000000
36	S	O	0.999984	0.000003	0.000003	0.000027	0.000000	0.000000	0.000000	0.000000	0.000000	0.000000	0.000000	0.000000	0.000000	0.000000	0.000000	0.000000	0.000000	0.000000
37	E	O	0.999992	0.000002	0.000003	0.000027	0.000000	0.000000	0.000000	0.000000	0.000000	0.000000	0.000000	0.000000	0.000000	0.000000	0.000000	0.000000	0.000000	0.000000
38	G	O	0.999991	0.000002	0.000002	0.000026	0.000000	0.000000	0.000000	0.000000	0.000000	0.000000	0.000000	0.000000	0.000000	0.000000	0.000000	0.000000	0.000000	0.000000
39	T	O	0.999994	0.000002	0.000002	0.000025	0.000000	0.000000	0.000000	0.000000	0.000000	0.000000	0.000000	0.000000	0.000000	0.000000	0.000000	0.000000	0.000000	0.000000
40	F	O	0.999989	0.000001	0.000002	0.000024	0.000000	0.000000	0.000000	0.000000	0.000000	0.000000	0.000000	0.000000	0.000000	0.000000	0.000000	0.000000	0.000000	0.000000
41	G	O	0.999987	0.000001	0.000002	0.000022	0.000000	0.000000	0.000000	0.000000	0.000000	0.000000	0.000000	0.000000	0.000000	0.000000	0.000000	0.000000	0.000000	0.000000
42	A	O	0.999990	0.000001	0.000002	0.000021	0.000000	0.000000	0.000000	0.000000	0.000000	0.000000	0.000000	0.000000	0.000000	0.000000	0.000000	0.000000	0.000000	0.000000
43	I	O	0.999997	0.000001	0.000001	0.000020	0.000000	0.000000	0.000000	0.000000	0.000000	0.000000	0.000000	0.000000	0.000000	0.000000	0.000000	0.000000	0.000000	0.000000
44	A	O	0.999996	0.000001	0.000001	0.000018	0.000000	0.000000	0.000000	0.000000	0.000000	0.000000	0.000000	0.000000	0.000000	0.000000	0.000000	0.000000	0.000000	0.000000
45	V	O	0.999996	0.000000	0.000001	0.000017	0.000000	0.000000	0.000000	0.000000	0.000000	0.000000	0.000000	0.000000	0.000000	0.000000	0.000000	0.000000	0.000000	0.000000
46	S	O	1.000000	0.000000	0.000001	0.000017	0.000000	0.000000	0.000000	0.000000	0.000000	0.000000	0.000000	0.000000	0.000000	0.000000	0.000000	0.000001	0.000000	0.000000
47	P	O	1.000001	0.000000	0.000001	0.000016	0.000000	0.000000	0.000000	0.000001	0.000000	0.000000	0.000000	0.000000	0.000000	0.000000	0.000000	0.000001	0.000000	0.000000
48	G	O	0.999999	0.000000	0.000001	0.000015	0.000000	0.000000	0.000000	0.000001	0.000000	0.000000	0.000000	0.000000	0.000000	0.000000	0.000000	0.000001	0.000000	0.000000
49	Y	O	1.000001	0.000000	0.000000	0.000014	0.000000	0.000000	0.000000	0.000001	0.000000	0.000001	0.000001	0.000000	0.000000	0.000000	0.000000	0.000001	0.000000	0.000000
50	T	O	0.999997	0.000000	0.000000	0.000013	0.000000	0.000000	0.000000	0.000001	0.000000	0.000001	0.000001	0.000000	0.000000	0.000000	0.000000	0.000001	0.000000	0.000000
51	A	O	1.000004	0.000000	0.000000	0.000012	0.000000	0.000000	0.000000	0.000001	0.000000	0.000001	0.000001	0.000000	0.000000	0.000000	0.000000	0.000001	0.000000	0.000000
52	S	O	1.000006	0.000000	0.000000	0.000010	0.000000	0.000001	0.000000	0.000001	0.000000	0.000001	0.000001	0.000000	0.000000	0.000000	0.000000	0.000001	0.000000	0.000000
53	Q	O	1.000004	0.000000	0.000000	0.000009	0.000000	0.000001	0.000000	0.000001	0.000000	0.000001	0.000001	0.000000	0.000000	0.000000	0.000000	0.000002	0.000001	0.000001
54	S	O	1.000003	0.000000	0.000000	0.000008	0.000000	0.000001	0.000000	0.000002	0.000000	0.000001	0.000002	0.000000	0.000000	0.000000	0.000000	0.000002	0.000001	0.000001
55	S	O	1.000002	0.000000	0.000000	0.000007	0.000001	0.000001	0.000000	0.000002	0.000000	0.000001	0.000002	0.000000	0.000000	0.000000	0.000000	0.000002	0.000001	0.000001
56	M	O	1.000003	0.000000	0.000000	0.000005	0.000001	0.000001	0.000000	0.000003	0.000000	0.000002	0.000002	0.000000	0.000000	0.000000	0.000000	0.000002	0.000001	0.000001
57	A	O	0.999996	0.000000	0.000000	0.000004	0.000001	0.000001	0.000000	0.000003	0.000000	0.000002	0.000003	0.000000	0.000000	0.000000	0.000000	0.000002	0.000001	0.000001
58	W	O	0.999999	0.000000	0.000000	0.000003	0.000001	0.000001	0.000000	0.000003	0.000000	0.000003	0.000003	0.000000	0.000000	0.000000	0.000000	0.000002	0.000001	0.000001
59	L	O	0.999998	0.000000	0.000000	0.000003	0.000001	0.000001	0.000000	0.000004	0.000000	0.000003	0.000004	0.000000	0.000000	0.000000	0.000000	0.000003	0.000001	0.000001
60	G	O	0.999998	0.000000	0.000000	0.000002	0.000001	0.000001	0.000000	0.000004	0.000001	0.000004	0.000005	0.000000	0.000000	0.000000	0.000000	0.000003	0.000001	0.000001
61	P	O	0.999993	0.000000	0.000000	0.000002	0.000001	0.000001	0.000001	0.000005	0.000001	0.000004	0.000006	0.000000	0.000000	0.000000	0.000000	0.000004	0.000001	0.000002
62	R	O	0.999985	0.000000	0.000000	0.000001	0.000001	0.000001	0.000001	0.000006	0.000001	0.000005	0.000008	0.000000	0.000000	0.000000	0.000000	0.000005	0.000002	0.000002
63	I	O	0.999977	0.000000	0.000000	0.000001	0.000001	0.000002	0.000001	0.000007	0.000001	0.000007	0.000010	0.000000	0.000000	0.000001	0.000001	0.000006	0.000002	0.000002
64	A	O	0.999972	0.000000	0.000000	0.000001	0.000001	0.000002	0.000001	0.000008	0.000001	0.000009	0.000014	0.000000	0.000000	0.000001	0.000001	0.000006	0.000003	0.000003
65	S	O	0.999962	0.000000	0.000000	0.000000	0.000001	0.000003	0.000001	0.000007	0.000001	0.000011	0.000018	0.000000	0.000000	0.000001	0.000001	0.000006	0.000004	0.000004
66	Q	O	0.999957	0.000000	0.000000	0.000000	0.000000	0.000003	0.000002	0.000005	0.000000	0.000011	0.000022	0.000000	0.000000	0.000001	0.000002	0.000005	0.000005	0.000005
67	G	O	0.999955	0.000000	0.000000	0.000000	0.000000	0.000002	0.000002	0.000003	0.000000	0.000010	0.000025	0.000000	0.000000	0.000001	0.000002	0.000003	0.000005	0.000006
68	F	O	0.999960	0.000000	0.000000	0.000000	0.000000	0.000001	0.000002	0.000000	0.000000	0.000008	0.000024	0.000000	0.000000	0.000001	0.000003	0.000000	0.000005	0.000007
69	V	O	0.999965	0.000000	0.000000	0.000000	0.000000	0.000000	0.000003	0.000000	0.000000	0.000000	0.000023	0.000000	0.000000	0.000000	0.000005	0.000000	0.000000	0.000009
70	V	O	0.999997	0.000000	0.000000	0.000000	0.000000	0.000000	0.000000	0.000000	0.000000	0.000000	0.000000	0.000000	0.000000	0.000000	0.000000	0.000000	0.000000	0.000000
