# Name=tournament_wt_243
# pos	aa	label	Other	Sec/SPI n	Sec/SPI h	Sec/SPI c	Sec/SPII n	Sec/SPII h	Sec/SPII cys	Tat/SPI n	Tat/SPI RR	Tat/SPI h	Tat/SPI c	Tat/SPII n	Tat/SPII RR	Tat/SPII h	Tat/SPII cys	Sec/SPIII P	Sec/SPIII cons.	Sec/SPIII h
1	S	O	0.999035	0.000951	0.000000	0.000000	0.000015	0.000000	0.000000	0.000000	0.000000	0.000000	0.000000	0.000000	0.000000	0.000000	0.000000	0.000003	0.000000	0.000000
2	V	O	0.999032	0.000589	0.000361	0.000000	0.000009	0.000006	0.000000	0.000000	0.000000	0.000000	0.000000	0.000000	0.000000	0.000000	0.000000	0.000002	0.000001	0.000000
3	T	O	0.999034	0.000399	0.000405	0.000147	0.000006	0.000009	0.000000	0.000000	0.000000	0.000000	0.000000	0.000000	0.000000	0.000000	0.000000	0.000001	0.000001	0.000001
4	A	O	0.999080	0.000269	0.000370	0.000266	0.000004	0.000009	0.000002	0.000000	0.000000	0.000000	0.000000	0.000000	0.000000	0.000000	0.000000	0.000001	0.000001	0.000001
5	V	O	0.999170	0.000182	0.000306	0.000331	0.000002	0.000008	0.000003	0.000000	0.000000	0.000000	0.000000	0.000000	0.000000	0.000000	0.000000	0.000001	0.000000	0.000001
6	N	O	0.999275	0.000130	0.000219	0.000372	0.000001	0.000006	0.000002	0.000000	0.000000	0.000000	0.000000	0.000000	0.000000	0.000000	0.000000	0.000001	0.000000	0.000000
7	G	O	0.999387	0.000091	0.000158	0.000361	0.000001	0.000005	0.000002	0.000000	0.000000	0.000000	0.000000	0.000000	0.000000	0.000000	0.000000	0.000000	0.000000	0.000000
8	P	O	0.999507	0.000063	0.000119	0.000308	0.000001	0.000003	0.000002	0.000000	0.000000	0.000000	0.000000	0.000000	0.000000	0.000000	0.000000	0.000000	0.000000	0.000000
9	F	O	0.999606	0.000043	0.000087	0.000263	0.000000	0.000002	0.000001	0.000000	0.000000	0.000000	0.000000	0.000000	0.000000	0.000000	0.000000	0.000000	0.000000	0.000000
10	A	O	0.999695	0.000030	0.000060	0.000218	0.000000	0.000001	0.000001	0.000000	0.000000	0.000000	0.000000	0.000000	0.000000	0.000000	0.000000	0.000000	0.000000	0.000000
11	N	O	0.999764	0.000022	0.000040	0.000176	0.000000	0.000001	0.000001	0.000000	0.000000	0.000000	0.000000	0.000000	0.000000	0.000000	0.000000	0.000000	0.000000	0.000000
12	T	O	0.999831	0.000016	0.000028	0.000131	0.000000	0.000001	0.000000	0.000000	0.000000	0.000000	0.000000	0.000000	0.000000	0.000000	0.000000	0.000000	0.000000	0.000000
13	S	O	0.999883	0.000012	0.000021	0.000094	0.000000	0.000000	0.000000	0.000000	0.000000	0.000000	0.000000	0.000000	0.000000	0.000000	0.000000	0.000000	0.000000	0.000000
14	V	O	0.999920	0.000008	0.000016	0.000065	0.000000	0.000000	0.000000	0.000000	0.000000	0.000000	0.000000	0.000000	0.000000	0.000000	0.000000	0.000000	0.000000	0.000000
15	S	O	0.999944	0.000006	0.000012	0.000047	0.000000	0.000000	0.000000	0.000000	0.000000	0.000000	0.000000	0.000000	0.000000	0.000000	0.000000	0.000000	0.000000	0.000000
16	V	O	0.999962	0.000004	0.000009	0.000034	0.000000	0.000000	0.000000	0.000000	0.000000	0.000000	0.000000	0.000000	0.000000	0.000000	0.000000	0.000000	0.000000	0.000000
17	P	O	0.999974	0.000003	0.000007	0.000026	0.000000	0.000000	0.000000	0.000000	0.000000	0.000000	0.000000	0.000000	0.000000	0.000000	0.000000	0.000000	0.000000	0.000000
18	T	O	0.999989	0.000002	0.000005	0.000020	0.000000	0.000000	0.000000	0.000000	0.000000	0.000000	0.000000	0.000000	0.000000	0.000000	0.000000	0.000000	0.000000	0.000000
19	G	O	0.999994	0.000002	0.000003	0.000015	0.000000	0.000000	0.000000	0.000000	0.000000	0.000000	0.000000	0.000000	0.000000	0.000000	0.000000	0.000000	0.000000	0.000000
20	Y	O	1.000000	0.000002	0.000002	0.000010	0.000000	0.000000	0.000000	0.000000	0.000000	0.000000	0.000000	0.000000	0.000000	0.000000	0.000000	0.000000	0.000000	0.000000
21	G	O	1.000008	0.000001	0.000002	0.000007	0.000000	0.000000	0.000000	0.000000	0.000000	0.000000	0.000000	0.000000	0.000000	0.000000	0.000000	0.000000	0.000000	0.000000
22	F	O	1.000006	0.000001	0.000001	0.000005	0.000000	0.000000	0.000000	0.000000	0.000000	0.000000	0.000000	0.000000	0.000000	0.000000	0.000000	0.000000	0.000000	0.000000
23	N	O	1.000013	0.000001	0.000001	0.000004	0.000000	0.000000	0.000000	0.000000	0.000000	0.000000	0.000000	0.000000	0.000000	0.000000	0.000000	0.000000	0.000000	0.000000
24	G	O	1.000011	0.000001	0.000001	0.000003	0.000000	0.000000	0.000000	0.000000	0.000000	0.000000	0.000000	0.000000	0.000000	0.000000	0.000000	0.000000	0.000000	0.000000
25	G	O	1.000014	0.000001	0.000001	0.000002	0.000000	0.000000	0.000000	0.000000	0.000000	0.000000	0.000000	0.000000	0.000000	0.000000	0.000000	0.000000	0.000000	0.000000
26	R	O	1.000013	0.000001	0.000001	0.000001	0.000000	0.000000	0.000000	0.000000	0.000000	0.000000	0.000000	0.000000	0.000000	0.000000	0.000000	0.000000	0.000000	0.000000
27	I	O	1.000013	0.000001	0.000000	0.000001	0.000000	0.000000	0.000000	0.000000	0.000000	0.000000	0.000000	0.000000	0.000000	0.000000	0.000000	0.000000	0.000000	0.000000
28	Y	O	1.000016	0.000000	0.000000	0.000001	0.000000	0.000000	0.000000	0.000000	0.000000	0.000000	0.000000	0.000000	0.000000	0.000000	0.000000	0.000000	0.000000	0.000000
29	Y	O	1.000016	0.000000	0.000000	0.000001	0.000000	0.000000	0.000000	0.000000	0.000000	0.000000	0.000000	0.000000	0.000000	0.000000	0.000000	0.000000	0.000000	0.000000
30	P	O	1.000015	0.000000	0.000000	0.000001	0.000000	0.000000	0.000000	0.000000	0.000000	0.000000	0.000000	0.000000	0.000000	0.000000	0.000000	0.000000	0.000000	0.000000
31	T	O	1.000012	0.000000	0.000000	0.000001	0.000000	0.000000	0.000000	0.000000	0.000000	0.000000	0.000000	0.000000	0.000000	0.000000	0.000000	0.000000	0.000000	0.000000
32	D	O	1.000012	0.000000	0.000000	0.000001	0.000000	0.000000	0.000000	0.000000	0.000000	0.000000	0.000000	0.000000	0.000000	0.000000	0.000000	0.000000	0.000000	0.000000
33	T	O	1.000013	0.000000	0.000000	0.000001	0.000000	0.000000	0.000000	0.000000	0.000000	0.000000	0.000000	0.000000	0.000000	0.000000	0.000000	0.000000	0.000000	0.000000
34	S	O	1.000010	0.000000	0.000000	0.000001	0.000000	0.000000	0.000000	0.000000	0.000000	0.000000	0.000000	0.000000	0.000000	0.000000	0.000000	0.000000	0.000000	0.000000
35	Q	O	1.000013	0.000000	0.000000	0.000001	0.000000	0.000000	0.000000	0.000000	0.000000	0.000000	0.000000	0.000000	0.000000	0.000000	0.000000	0.000000	0.000000	0.000000
36	G	O	1.000012	0.000000	0.000000	0.000001	0.000000	0.000000	0.000000	0.000000	0.000000	0.000000	0.000000	0.000000	0.000000	0.000000	0.000000	0.000000	0.000000	0.000000
37	T	O	1.000011	0.000000	0.000000	0.000001	0.000000	0.000000	0.000000	0.000000	0.000000	0.000000	0.000000	0.000000	0.000000	0.000000	0.000000	0.000000	0.000000	0.000000
38	F	O	1.000008	0.000000	0.000000	0.000001	0.000000	0.000000	0.000000	0.000000	0.000000	0.000000	0.000000	0.000000	0.000000	0.000000	0.000000	0.000000	0.000000	0.000000
39	G	O	1.000010	0.000000	0.000000	0.000000	0.000000	0.000000	0.000000	0.000000	0.000000	0.000000	0.000000	0.000000	0.000000	0.000000	0.000000	0.000000	0.000000	0.000000
40	A	O	1.000009	0.000000	0.000000	0.000000	0.000000	0.000000	0.000000	0.000000	0.000000	0.000000	0.000000	0.000000	0.000000	0.000000	0.000000	0.000000	0.000000	0.000000
41	I	O	1.000007	0.000000	0.000000	0.000000	0.000000	0.000000	0.000000	0.000000	0.000000	0.000000	0.000000	0.000000	0.000000	0.000000	0.000000	0.000000	0.000000	0.000000
42	A	O	1.000010	0.000000	0.000000	0.000000	0.000000	0.000000	0.000000	0.000000	0.000000	0.000000	0.000000	0.000000	0.000000	0.000000	0.000000	0.000000	0.000000	0.000000
43	I	O	1.000008	0.000000	0.000000	0.000000	0.000000	0.000000	0.000000	0.000000	0.000000	0.000000	0.000000	0.000000	0.000000	0.000000	0.000000	0.000000	0.000000	0.000000
44	S	O	1.000008	0.000000	0.000000	0.000000	0.000000	0.000000	0.000000	0.000000	0.000000	0.000000	0.000000	0.000000	0.000000	0.000000	0.000000	0.000000	0.000000	0.000000
45	P	O	1.000010	0.000000	0.000000	0.000000	0.000000	0.000000	0.000000	0.000000	0.000000	0.000000	0.000000	0.000000	0.000000	0.000000	0.000000	0.000000	0.000000	0.000000
46	G	O	1.000010	0.000000	0.000000	0.000000	0.000000	0.000000	0.000000	0.000000	0.000000	0.000000	0.000000	0.000000	0.000000	0.000000	0.000000	0.000000	0.000000	0.000000
47	Y	O	1.000007	0.000000	0.000000	0.000000	0.000000	0.000000	0.000000	0.000001	0.000000	0.000000	0.000000	0.000000	0.000000	0.000000	0.000000	0.000000	0.000000	0.000000
48	T	O	1.000008	0.000000	0.000000	0.000000	0.000001	0.000000	0.000000	0.000001	0.000000	0.000000	0.000000	0.000000	0.000000	0.000000	0.000000	0.000000	0.000000	0.000000
49	A	O	1.000005	0.000000	0.000000	0.000000	0.000001	0.000001	0.000000	0.000002	0.000000	0.000000	0.000000	0.000000	0.000000	0.000000	0.000000	0.000000	0.000000	0.000000
50	L	O	1.000005	0.000000	0.000000	0.000000	0.000001	0.000001	0.000000	0.000002	0.000000	0.000000	0.000000	0.000000	0.000000	0.000000	0.000000	0.000001	0.000000	0.000000
51	F	O	0.999999	0.000000	0.000000	0.000000	0.000001	0.000001	0.000000	0.000003	0.000000	0.000000	0.000000	0.000000	0.000000	0.000000	0.000000	0.000001	0.000000	0.000000
52	S	O	0.999995	0.000000	0.000000	0.000000	0.000001	0.000001	0.000000	0.000004	0.000001	0.000001	0.000000	0.000000	0.000000	0.000000	0.000000	0.000001	0.000000	0.000000
53	A	O	0.999992	0.000000	0.000000	0.000000	0.000001	0.000001	0.000000	0.000005	0.000001	0.000001	0.000000	0.000000	0.000000	0.000000	0.000000	0.000001	0.000000	0.000000
54	E	O	0.999988	0.000000	0.000000	0.000000	0.000001	0.000002	0.000000	0.000006	0.000001	0.000002	0.000000	0.000001	0.000000	0.000000	0.000000	0.000001	0.000000	0.000000
55	L	O	0.999986	0.000000	0.000000	0.000000	0.000001	0.000003	0.000000	0.000008	0.000001	0.000003	0.000000	0.000001	0.000000	0.000001	0.000000	0.000002	0.000001	0.000000
56	A	O	0.999979	0.000000	0.000000	0.000000	0.000002	0.000003	0.000000	0.000009	0.000002	0.000004	0.000000	0.000001	0.000000	0.000001	0.000000	0.000002	0.000001	0.000000
57	W	O	0.999974	0.000000	0.000000	0.000000	0.000002	0.000004	0.000001	0.000010	0.000002	0.000006	0.000001	0.000001	0.000000	0.000001	0.000000	0.000002	0.000002	0.000001
58	M	O	0.999970	0.000000	0.000000	0.000000	0.000001	0.000004	0.000001	0.000010	0.000002	0.000008	0.000001	0.000001	0.000000	0.000001	0.000000	0.000002	0.000002	0.000001
59	G	O	0.999966	0.000000	0.000000	0.000000	0.000002	0.000005	0.000001	0.000010	0.000003	0.000010	0.000002	0.000001	0.000000	0.000002	0.000000	0.000002	0.000002	0.000001
60	P	O	0.999956	0.000000	0.000000	0.000000	0.000002	0.000005	0.000001	0.000011	0.000003	0.000012	0.000003	0.000001	0.000000	0.000002	0.000000	0.000002	0.000002	0.000001
61	W	O	0.999957	0.000000	0.000000	0.000000	0.000002	0.000006	0.000001	0.000011	0.000002	0.000015	0.000004	0.000001	0.000000	0.000002	0.000000	0.000002	0.000003	0.000002
62	L	O	0.999953	0.000000	0.000000	0.000000	0.000001	0.000007	0.000001	0.000009	0.000001	0.000019	0.000006	0.000000	0.000000	0.000002	0.000000	0.000002	0.000003	0.000002
63	A	O	0.999955	0.000000	0.000000	0.000000	0.000001	0.000008	0.000001	0.000007	0.000001	0.000020	0.000009	0.000000	0.000000	0.000002	0.000001	0.000001	0.000003	0.000003
64	S	O	0.999951	0.000000	0.000000	0.000000	0.000001	0.000007	0.000002	0.000005	0.000001	0.000019	0.000013	0.000000	0.000000	0.000002	0.000001	0.000001	0.000003	0.000003
65	H	O	0.999954	0.000000	0.000000	0.000000	0.000000	0.000006	0.000003	0.000003	0.000000	0.000016	0.000018	0.000000	0.000000	0.000002	0.000001	0.000001	0.000002	0.000004
66	G	O	0.999961	0.000000	0.000000	0.000000	0.000000	0.000006	0.000002	0.000001	0.000000	0.000012	0.000021	0.000000	0.000000	0.000002	0.000001	0.000001	0.000002	0.000003
67	F	O	0.999968	0.000000	0.000000	0.000000	0.000000	0.000004	0.000002	0.000001	0.000000	0.000008	0.000020	0.000000	0.000000	0.000002	0.000001	0.000000	0.000002	0.000004
68	V	O	0.999984	0.000000	0.000000	0.000000	0.000000	0.000002	0.000003	0.000000	0.000000	0.000004	0.000018	0.000000	0.000000	0.000001	0.000001	0.000000	0.000001	0.000004
69	V	O	0.999990	0.000000	0.000000	0.000000	0.000000	0.000000	0.000003	0.000000	0.000000	0.000000	0.000012	0.000000	0.000000	0.000000	0.000002	0.000000	0.000000	0.000003
70	I	O	1.000003	0.000000	0.000000	0.000000	0.000000	0.000000	0.000000	0.000000	0.000000	0.000000	0.000000	0.000000	0.000000	0.000000	0.000000	0.000000	0.000000	0.000000
