# Name=tournament_wt_216
# pos	aa	label	Other	Sec/SPI n	Sec/SPI h	Sec/SPI c	Sec/SPII n	Sec/SPII h	Sec/SPII cys	Tat/SPI n	Tat/SPI RR	Tat/SPI h	Tat/SPI c	Tat/SPII n	Tat/SPII RR	Tat/SPII h	Tat/SPII cys	Sec/SPIII P	Sec/SPIII cons.	Sec/SPIII h
1	S	O	0.993055	0.006730	0.000000	0.000000	0.000178	0.000000	0.000000	0.000001	0.000000	0.000000	0.000000	0.000000	0.000000	0.000000	0.000000	0.000038	0.000000	0.000000
2	I	O	0.993063	0.004420	0.002310	0.000000	0.000119	0.000058	0.000000	0.000001	0.000000	0.000000	0.000000	0.000000	0.000000	0.000000	0.000000	0.000029	0.000009	0.000000
3	E	O	0.993063	0.003428	0.002816	0.000487	0.000087	0.000091	0.000000	0.000001	0.000000	0.000000	0.000000	0.000000	0.000000	0.000000	0.000000	0.000024	0.000008	0.000006
4	A	O	0.993098	0.002640	0.003011	0.001044	0.000064	0.000101	0.000013	0.000000	0.000000	0.000000	0.000000	0.000000	0.000000	0.000000	0.000000	0.000020	0.000007	0.000007
5	L	O	0.993200	0.002053	0.002899	0.001667	0.000047	0.000098	0.000019	0.000000	0.000000	0.000000	0.000000	0.000000	0.000000	0.000000	0.000000	0.000016	0.000006	0.000006
6	R	O	0.993334	0.001621	0.002534	0.002355	0.000035	0.000086	0.000024	0.000000	0.000000	0.000000	0.000000	0.000000	0.000000	0.000000	0.000000	0.000013	0.000005	0.000005
7	G	O	0.993546	0.001248	0.002260	0.002820	0.000026	0.000072	0.000024	0.000000	0.000000	0.000000	0.000000	0.000000	0.000000	0.000000	0.000000	0.000010	0.000004	0.000004
8	P	O	0.993840	0.000978	0.001940	0.003139	0.000019	0.000059	0.000020	0.000000	0.000000	0.000000	0.000000	0.000000	0.000000	0.000000	0.000000	0.000008	0.000003	0.000003
9	F	O	0.994160	0.000763	0.001620	0.003383	0.000014	0.000048	0.000016	0.000000	0.000000	0.000000	0.000000	0.000000	0.000000	0.000000	0.000000	0.000007	0.000003	0.000003
10	S	O	0.994501	0.000615	0.001260	0.003563	0.000010	0.000039	0.000013	0.000000	0.000000	0.000000	0.000000	0.000000	0.000000	0.000000	0.000000	0.000005	0.000002	0.000002
11	V	O	0.994968	0.000483	0.001057	0.003449	0.000008	0.000029	0.000013	0.000000	0.000000	0.000000	0.000000	0.000000	0.000000	0.000000	0.000000	0.000004	0.000002	0.000002
12	A	O	0.995574	0.000393	0.000873	0.003135	0.000006	0.000021	0.000009	0.000000	0.000000	0.000000	0.000000	0.000000	0.000000	0.000000	0.000000	0.000003	0.000001	0.000002
13	D	O	0.996212	0.000314	0.000752	0.002706	0.000004	0.000016	0.000007	0.000000	0.000000	0.000000	0.000000	0.000000	0.000000	0.000000	0.000000	0.000003	0.000001	0.000001
14	T	O	0.996670	0.000241	0.000654	0.002429	0.000003	0.000013	0.000004	0.000000	0.000000	0.000000	0.000000	0.000000	0.000000	0.000000	0.000000	0.000002	0.000001	0.000001
15	R	O	0.997010	0.000181	0.000552	0.002251	0.000002	0.000010	0.000004	0.000000	0.000000	0.000000	0.000000	0.000000	0.000000	0.000000	0.000000	0.000002	0.000001	0.000001
16	V	O	0.997341	0.000132	0.000459	0.002070	0.000002	0.000008	0.000003	0.000000	0.000000	0.000000	0.000000	0.000000	0.000000	0.000000	0.000000	0.000001	0.000001	0.000001
17	S	O	0.997613	0.000093	0.000364	0.001937	0.000001	0.000006	0.000002	0.000000	0.000000	0.000000	0.000000	0.000000	0.000000	0.000000	0.000000	0.000001	0.000000	0.000001
18	S	O	0.997877	0.000065	0.000277	0.001788	0.000001	0.000005	0.000002	0.000000	0.000000	0.000000	0.000000	0.000000	0.000000	0.000000	0.000000	0.000001	0.000000	0.000000
19	L	O	0.998166	0.000044	0.000212	0.001588	0.000000	0.000004	0.000001	0.000000	0.000000	0.000000	0.000000	0.000000	0.000000	0.000000	0.000000	0.000001	0.000000	0.000000
20	V	O	0.998393	0.000031	0.000142	0.001448	0.000000	0.000003	0.000001	0.000000	0.000000	0.000000	0.000000	0.000000	0.000000	0.000000	0.000000	0.000000	0.000000	0.000000
21	S	O	0.998624	0.000023	0.000086	0.001276	0.000000	0.000002	0.000001	0.000000	0.000000	0.000000	0.000000	0.000000	0.000000	0.000000	0.000000	0.000000	0.000000	0.000000
22	G	O	0.998891	0.000018	0.000050	0.001053	0.000000	0.000002	0.000001	0.000000	0.000000	0.000000	0.000000	0.000000	0.000000	0.000000	0.000000	0.000000	0.000000	0.000000
23	F	O	0.999225	0.000014	0.000034	0.000744	0.000000	0.000001	0.000001	0.000000	0.000000	0.000000	0.000000	0.000000	0.000000	0.000000	0.000000	0.000000	0.000000	0.000000
24	G	O	0.999456	0.000012	0.000021	0.000530	0.000000	0.000001	0.000000	0.000000	0.000000	0.000000	0.000000	0.000000	0.000000	0.000000	0.000000	0.000000	0.000000	0.000000
25	G	O	0.999666	0.000010	0.000016	0.000322	0.000000	0.000000	0.000000	0.000000	0.000000	0.000000	0.000000	0.000000	0.000000	0.000000	0.000000	0.000000	0.000000	0.000000
26	G	O	0.999801	0.000008	0.000012	0.000189	0.000000	0.000000	0.000000	0.000000	0.000000	0.000000	0.000000	0.000000	0.000000	0.000000	0.000000	0.000000	0.000000	0.000000
27	T	O	0.999886	0.000007	0.000010	0.000109	0.000000	0.000000	0.000000	0.000000	0.000000	0.000000	0.000000	0.000000	0.000000	0.000000	0.000000	0.000000	0.000000	0.000000
28	I	O	0.999929	0.000006	0.000009	0.000068	0.000000	0.000000	0.000000	0.000000	0.000000	0.000000	0.000000	0.000000	0.000000	0.000000	0.000000	0.000000	0.000000	0.000000
29	Y	O	0.999958	0.000005	0.000008	0.000046	0.000000	0.000000	0.000000	0.000000	0.000000	0.000000	0.000000	0.000000	0.000000	0.000000	0.000000	0.000000	0.000000	0.000000
30	Y	O	0.999966	0.000004	0.000007	0.000034	0.000000	0.000000	0.000000	0.000000	0.000000	0.000000	0.000000	0.000000	0.000000	0.000000	0.000000	0.000000	0.000000	0.000000
31	P	O	0.999971	0.000003	0.000006	0.000027	0.000000	0.000000	0.000000	0.000000	0.000000	0.000000	0.000000	0.000000	0.000000	0.000000	0.000000	0.000000	0.000000	0.000000
32	T	O	0.999982	0.000003	0.000005	0.000023	0.000000	0.000000	0.000000	0.000000	0.000000	0.000000	0.000000	0.000000	0.000000	0.000000	0.000000	0.000000	0.000000	0.000000
33	D	O	0.999987	0.000002	0.000004	0.000021	0.000000	0.000000	0.000000	0.000000	0.000000	0.000000	0.000000	0.000000	0.000000	0.000000	0.000000	0.000000	0.000000	0.000000
34	T	O	0.999983	0.000002	0.000003	0.000020	0.000000	0.000000	0.000000	0.000000	0.000000	0.000000	0.000000	0.000000	0.000000	0.000000	0.000000	0.000000	0.000000	0.000000
35	S	O	0.999994	0.000001	0.000002	0.000019	0.000000	0.000000	0.000000	0.000000	0.000000	0.000000	0.000000	0.000000	0.000000	0.000000	0.000000	0.000000	0.000000	0.000000
36	Q	O	0.999994	0.000001	0.000001	0.000017	0.000000	0.000000	0.000000	0.000000	0.000000	0.000000	0.000000	0.000000	0.000000	0.000000	0.000000	0.000000	0.000000	0.000000
37	G	O	0.999998	0.000001	0.000001	0.000016	0.000000	0.000000	0.000000	0.000000	0.000000	0.000000	0.000000	0.000000	0.000000	0.000000	0.000000	0.000000	0.000000	0.000000
38	T	O	1.000002	0.000001	0.000001	0.000014	0.000000	0.000000	0.000000	0.000000	0.000000	0.000000	0.000000	0.000000	0.000000	0.000000	0.000000	0.000000	0.000000	0.000000
39	F	O	1.000003	0.000001	0.000001	0.000012	0.000000	0.000000	0.000000	0.000000	0.000000	0.000000	0.000000	0.000000	0.000000	0.000000	0.000000	0.000000	0.000000	0.000000
40	G	O	1.000005	0.000001	0.000001	0.000010	0.000000	0.000000	0.000000	0.000000	0.000000	0.000000	0.000000	0.000000	0.000000	0.000000	0.000000	0.000000	0.000000	0.000000
41	A	O	1.000004	0.000001	0.000001	0.000008	0.000000	0.000000	0.000000	0.000000	0.000000	0.000000	0.000000	0.000000	0.000000	0.000000	0.000000	0.000000	0.000000	0.000000
42	I	O	1.000005	0.000000	0.000001	0.000007	0.000000	0.000000	0.000000	0.000000	0.000000	0.000000	0.000000	0.000000	0.000000	0.000000	0.000000	0.000000	0.000000	0.000000
43	A	O	1.000004	0.000000	0.000000	0.000006	0.000000	0.000000	0.000000	0.000000	0.000000	0.000000	0.000000	0.000000	0.000000	0.000000	0.000000	0.000000	0.000000	0.000000
44	V	O	1.000009	0.000000	0.000000	0.000005	0.000000	0.000000	0.000000	0.000000	0.000000	0.000000	0.000000	0.000000	0.000000	0.000000	0.000000	0.000000	0.000000	0.000000
45	S	O	1.000010	0.000000	0.000000	0.000005	0.000000	0.000000	0.000000	0.000000	0.000000	0.000000	0.000000	0.000000	0.000000	0.000000	0.000000	0.000000	0.000000	0.000000
46	P	O	1.000009	0.000000	0.000000	0.000004	0.000000	0.000000	0.000000	0.000000	0.000000	0.000000	0.000000	0.000000	0.000000	0.000000	0.000000	0.000000	0.000000	0.000000
47	G	O	1.000015	0.000000	0.000000	0.000003	0.000000	0.000000	0.000000	0.000000	0.000000	0.000000	0.000000	0.000000	0.000000	0.000000	0.000000	0.000001	0.000000	0.000000
48	Y	O	1.000014	0.000000	0.000000	0.000003	0.000000	0.000000	0.000000	0.000000	0.000000	0.000000	0.000000	0.000000	0.000000	0.000000	0.000000	0.000001	0.000000	0.000000
49	T	O	1.000017	0.000000	0.000000	0.000003	0.000000	0.000000	0.000000	0.000001	0.000000	0.000000	0.000000	0.000000	0.000000	0.000000	0.000000	0.000001	0.000000	0.000000
50	G	O	1.000015	0.000000	0.000000	0.000002	0.000000	0.000000	0.000000	0.000001	0.000000	0.000000	0.000001	0.000000	0.000000	0.000000	0.000000	0.000001	0.000000	0.000000
51	T	O	1.000021	0.000000	0.000000	0.000002	0.000000	0.000000	0.000000	0.000001	0.000000	0.000001	0.000001	0.000000	0.000000	0.000000	0.000000	0.000001	0.000000	0.000000
52	Q	O	1.000017	0.000000	0.000000	0.000002	0.000001	0.000001	0.000000	0.000002	0.000000	0.000001	0.000001	0.000000	0.000000	0.000000	0.000000	0.000002	0.000000	0.000001
53	S	O	1.000017	0.000000	0.000000	0.000002	0.000001	0.000001	0.000000	0.000002	0.000000	0.000001	0.000001	0.000000	0.000000	0.000000	0.000000	0.000002	0.000001	0.000001
54	T	O	1.000015	0.000000	0.000000	0.000001	0.000001	0.000001	0.000000	0.000003	0.000000	0.000001	0.000002	0.000000	0.000000	0.000000	0.000000	0.000003	0.000001	0.000001
55	I	O	1.000010	0.000000	0.000000	0.000001	0.000001	0.000001	0.000000	0.000003	0.000000	0.000002	0.000002	0.000000	0.000000	0.000000	0.000000	0.000003	0.000001	0.000001
56	S	O	1.000008	0.000000	0.000000	0.000001	0.000001	0.000001	0.000000	0.000004	0.000001	0.000002	0.000003	0.000000	0.000000	0.000000	0.000000	0.000004	0.000001	0.000001
57	W	O	1.000005	0.000000	0.000000	0.000001	0.000001	0.000001	0.000001	0.000005	0.000001	0.000003	0.000004	0.000000	0.000000	0.000000	0.000000	0.000004	0.000001	0.000001
58	L	O	1.000006	0.000000	0.000000	0.000001	0.000001	0.000002	0.000001	0.000006	0.000001	0.000004	0.000004	0.000000	0.000000	0.000000	0.000000	0.000005	0.000002	0.000002
59	G	O	0.999997	0.000000	0.000000	0.000001	0.000002	0.000002	0.000001	0.000007	0.000001	0.000005	0.000006	0.000000	0.000000	0.000000	0.000000	0.000006	0.000002	0.000002
60	P	O	0.999995	0.000000	0.000000	0.000000	0.000002	0.000002	0.000001	0.000008	0.000001	0.000006	0.000008	0.000000	0.000000	0.000000	0.000000	0.000007	0.000002	0.000002
61	R	O	0.999983	0.000000	0.000000	0.000000	0.000002	0.000002	0.000001	0.000009	0.000002	0.000007	0.000011	0.000000	0.000000	0.000001	0.000001	0.000009	0.000002	0.000002
62	I	O	0.999974	0.000000	0.000000	0.000000	0.000002	0.000003	0.000001	0.000012	0.000001	0.000009	0.000014	0.000000	0.000000	0.000001	0.000001	0.000011	0.000003	0.000003
63	A	O	0.999958	0.000000	0.000000	0.000000	0.000002	0.000004	0.000001	0.000013	0.000001	0.000011	0.000019	0.000000	0.000000	0.000001	0.000001	0.000012	0.000004	0.000004
64	S	O	0.999942	0.000000	0.000000	0.000000	0.000002	0.000005	0.000002	0.000014	0.000001	0.000014	0.000024	0.000000	0.000000	0.000001	0.000002	0.000014	0.000006	0.000005
65	Q	O	0.999941	0.000000	0.000000	0.000000	0.000001	0.000005	0.000002	0.000013	0.000002	0.000017	0.000027	0.000000	0.000000	0.000002	0.000002	0.000013	0.000007	0.000006
66	G	O	0.999924	0.000000	0.000000	0.000000	0.000001	0.000006	0.000002	0.000012	0.000001	0.000020	0.000031	0.000000	0.000000	0.000002	0.000002	0.000011	0.000009	0.000008
67	F	O	0.999914	0.000000	0.000000	0.000000	0.000000	0.000005	0.000003	0.000006	0.000000	0.000024	0.000033	0.000000	0.000000	0.000002	0.000004	0.000006	0.000012	0.000011
68	V	O	0.999908	0.000000	0.000000	0.000000	0.000000	0.000004	0.000004	0.000000	0.000000	0.000018	0.000042	0.000000	0.000000	0.000002	0.000005	0.000000	0.000011	0.000015
69	V	O	0.999934	0.000000	0.000000	0.000000	0.000000	0.000000	0.000006	0.000000	0.000000	0.000000	0.000045	0.000000	0.000000	0.000000	0.000009	0.000000	0.000000	0.000018
70	F	O	1.000001	0.000000	0.000000	0.000000	0.000000	0.000000	0.000000	0.000000	0.000000	0.000000	0.000000	0.000000	0.000000	0.000000	0.000000	0.000000	0.000000	0.000000
