# Name=tournament_wt_9
# pos	aa	label	Other	Sec/SPI n	Sec/SPI h	Sec/SPI c	Sec/SPII n	Sec/SPII h	Sec/SPII cys	Tat/SPI n	Tat/SPI RR	Tat/SPI h	Tat/SPI c	Tat/SPII n	Tat/SPII RR	Tat/SPII h	Tat/SPII cys	Sec/SPIII P	Sec/SPIII cons.	Sec/SPIII h
1	A	O	0.988146	0.011805	0.000000	0.000000	0.000029	0.000000	0.000000	0.000000	0.000000	0.000000	0.000000	0.000000	0.000000	0.000000	0.000000	0.000012	0.000000	0.000000
2	A	O	0.988152	0.009125	0.002680	0.000000	0.000021	0.000008	0.000000	0.000000	0.000000	0.000000	0.000000	0.000000	0.000000	0.000000	0.000000	0.000009	0.000002	0.000000
3	R	O	0.988158	0.007132	0.003881	0.000792	0.000015	0.000013	0.000000	0.000000	0.000000	0.000000	0.000000	0.000000	0.000000	0.000000	0.000000	0.000007	0.000002	0.000002
4	G	O	0.988239	0.005446	0.004380	0.001898	0.000011	0.000016	0.000002	0.000000	0.000000	0.000000	0.000000	0.000000	0.000000	0.000000	0.000000	0.000006	0.000002	0.000002
5	P	O	0.988443	0.004108	0.004367	0.003051	0.000008	0.000015	0.000003	0.000000	0.000000	0.000000	0.000000	0.000000	0.000000	0.000000	0.000000	0.000005	0.000002	0.000002
6	Y	O	0.988773	0.003079	0.003988	0.004139	0.000006	0.000014	0.000004	0.000000	0.000000	0.000000	0.000000	0.000000	0.000000	0.000000	0.000000	0.000004	0.000001	0.000002
7	A	O	0.989222	0.002342	0.003295	0.005126	0.000004	0.000012	0.000004	0.000000	0.000000	0.000000	0.000000	0.000000	0.000000	0.000000	0.000000	0.000003	0.000001	0.000001
8	T	O	0.989868	0.001778	0.002693	0.005652	0.000003	0.000009	0.000003	0.000000	0.000000	0.000000	0.000000	0.000000	0.000000	0.000000	0.000000	0.000002	0.000001	0.000001
9	A	O	0.990660	0.001324	0.002216	0.005798	0.000002	0.000008	0.000003	0.000000	0.000000	0.000000	0.000000	0.000000	0.000000	0.000000	0.000000	0.000002	0.000001	0.000001
10	S	O	0.991550	0.000976	0.001792	0.005682	0.000001	0.000006	0.000002	0.000000	0.000000	0.000000	0.000000	0.000000	0.000000	0.000000	0.000000	0.000002	0.000001	0.000001
11	T	O	0.992493	0.000695	0.001449	0.005366	0.000001	0.000005	0.000002	0.000000	0.000000	0.000000	0.000000	0.000000	0.000000	0.000000	0.000000	0.000001	0.000001	0.000001
12	T	O	0.993460	0.000481	0.001150	0.004915	0.000001	0.000004	0.000001	0.000000	0.000000	0.000000	0.000000	0.000000	0.000000	0.000000	0.000000	0.000001	0.000000	0.000000
13	V	O	0.994337	0.000327	0.000857	0.004486	0.000000	0.000003	0.000001	0.000000	0.000000	0.000000	0.000000	0.000000	0.000000	0.000000	0.000000	0.000001	0.000000	0.000000
14	P	O	0.995266	0.000231	0.000582	0.003931	0.000000	0.000002	0.000001	0.000000	0.000000	0.000000	0.000000	0.000000	0.000000	0.000000	0.000000	0.000000	0.000000	0.000000
15	R	O	0.996320	0.000164	0.000407	0.003122	0.000000	0.000001	0.000001	0.000000	0.000000	0.000000	0.000000	0.000000	0.000000	0.000000	0.000000	0.000000	0.000000	0.000000
16	S	O	0.997236	0.000115	0.000286	0.002377	0.000000	0.000001	0.000000	0.000000	0.000000	0.000000	0.000000	0.000000	0.000000	0.000000	0.000000	0.000000	0.000000	0.000000
17	S	O	0.998015	0.000081	0.000205	0.001714	0.000000	0.000000	0.000000	0.000000	0.000000	0.000000	0.000000	0.000000	0.000000	0.000000	0.000000	0.000000	0.000000	0.000000
18	V	O	0.998600	0.000055	0.000148	0.001213	0.000000	0.000000	0.000000	0.000000	0.000000	0.000000	0.000000	0.000000	0.000000	0.000000	0.000000	0.000000	0.000000	0.000000
19	S	O	0.999005	0.000040	0.000097	0.000880	0.000000	0.000000	0.000000	0.000000	0.000000	0.000000	0.000000	0.000000	0.000000	0.000000	0.000000	0.000000	0.000000	0.000000
20	D	O	0.999329	0.000029	0.000065	0.000595	0.000000	0.000000	0.000000	0.000000	0.000000	0.000000	0.000000	0.000000	0.000000	0.000000	0.000000	0.000000	0.000000	0.000000
21	F	O	0.999565	0.000021	0.000046	0.000385	0.000000	0.000000	0.000000	0.000000	0.000000	0.000000	0.000000	0.000000	0.000000	0.000000	0.000000	0.000000	0.000000	0.000000
22	G	O	0.999717	0.000016	0.000032	0.000253	0.000000	0.000000	0.000000	0.000000	0.000000	0.000000	0.000000	0.000000	0.000000	0.000000	0.000000	0.000000	0.000000	0.000000
23	G	O	0.999833	0.000012	0.000025	0.000150	0.000000	0.000000	0.000000	0.000000	0.000000	0.000000	0.000000	0.000000	0.000000	0.000000	0.000000	0.000000	0.000000	0.000000
24	A	O	0.999899	0.000009	0.000020	0.000093	0.000000	0.000000	0.000000	0.000000	0.000000	0.000000	0.000000	0.000000	0.000000	0.000000	0.000000	0.000000	0.000000	0.000000
25	T	O	0.999936	0.000006	0.000016	0.000060	0.000000	0.000000	0.000000	0.000000	0.000000	0.000000	0.000000	0.000000	0.000000	0.000000	0.000000	0.000000	0.000000	0.000000
26	I	O	0.999960	0.000004	0.000013	0.000041	0.000000	0.000000	0.000000	0.000000	0.000000	0.000000	0.000000	0.000000	0.000000	0.000000	0.000000	0.000000	0.000000	0.000000
27	Y	O	0.999973	0.000003	0.000010	0.000031	0.000000	0.000000	0.000000	0.000000	0.000000	0.000000	0.000000	0.000000	0.000000	0.000000	0.000000	0.000000	0.000000	0.000000
28	Y	O	0.999982	0.000002	0.000007	0.000025	0.000000	0.000000	0.000000	0.000000	0.000000	0.000000	0.000000	0.000000	0.000000	0.000000	0.000000	0.000000	0.000000	0.000000
29	P	O	0.999992	0.000001	0.000005	0.000020	0.000000	0.000000	0.000000	0.000000	0.000000	0.000000	0.000000	0.000000	0.000000	0.000000	0.000000	0.000000	0.000000	0.000000
30	T	O	0.999995	0.000001	0.000003	0.000015	0.000000	0.000000	0.000000	0.000000	0.000000	0.000000	0.000000	0.000000	0.000000	0.000000	0.000000	0.000000	0.000000	0.000000
31	S	O	1.000003	0.000001	0.000002	0.000012	0.000000	0.000000	0.000000	0.000000	0.000000	0.000000	0.000000	0.000000	0.000000	0.000000	0.000000	0.000000	0.000000	0.000000
32	T	O	1.000007	0.000000	0.000001	0.000009	0.000000	0.000000	0.000000	0.000000	0.000000	0.000000	0.000000	0.000000	0.000000	0.000000	0.000000	0.000000	0.000000	0.000000
33	A	O	1.000009	0.000000	0.000001	0.000007	0.000000	0.000000	0.000000	0.000000	0.000000	0.000000	0.000000	0.000000	0.000000	0.000000	0.000000	0.000000	0.000000	0.000000
34	D	O	1.000011	0.000000	0.000001	0.000005	0.000000	0.000000	0.000000	0.000000	0.000000	0.000000	0.000000	0.000000	0.000000	0.000000	0.000000	0.000000	0.000000	0.000000
35	G	O	1.000013	0.000000	0.000000	0.000003	0.000000	0.000000	0.000000	0.000000	0.000000	0.000000	0.000000	0.000000	0.000000	0.000000	0.000000	0.000000	0.000000	0.000000
36	T	O	1.000013	0.000000	0.000000	0.000002	0.000000	0.000000	0.000000	0.000000	0.000000	0.000000	0.000000	0.000000	0.000000	0.000000	0.000000	0.000000	0.000000	0.000000
37	F	O	1.000018	0.000000	0.000000	0.000001	0.000000	0.000000	0.000000	0.000000	0.000000	0.000000	0.000000	0.000000	0.000000	0.000000	0.000000	0.000000	0.000000	0.000000
38	G	O	1.000021	0.000000	0.000000	0.000001	0.000000	0.000000	0.000000	0.000000	0.000000	0.000000	0.000000	0.000000	0.000000	0.000000	0.000000	0.000000	0.000000	0.000000
39	G	O	1.000013	0.000000	0.000000	0.000001	0.000000	0.000000	0.000000	0.000000	0.000000	0.000000	0.000000	0.000000	0.000000	0.000000	0.000000	0.000000	0.000000	0.000000
40	V	O	1.000015	0.000000	0.000000	0.000000	0.000000	0.000000	0.000000	0.000000	0.000000	0.000000	0.000000	0.000000	0.000000	0.000000	0.000000	0.000000	0.000000	0.000000
41	A	O	1.000011	0.000000	0.000000	0.000000	0.000000	0.000000	0.000000	0.000000	0.000000	0.000000	0.000000	0.000000	0.000000	0.000000	0.000000	0.000000	0.000000	0.000000
42	I	O	1.000014	0.000000	0.000000	0.000000	0.000000	0.000000	0.000000	0.000000	0.000000	0.000000	0.000000	0.000000	0.000000	0.000000	0.000000	0.000000	0.000000	0.000000
43	S	O	1.000013	0.000000	0.000000	0.000000	0.000000	0.000000	0.000000	0.000000	0.000000	0.000000	0.000000	0.000000	0.000000	0.000000	0.000000	0.000000	0.000000	0.000000
44	P	O	1.000014	0.000000	0.000000	0.000000	0.000000	0.000000	0.000000	0.000000	0.000000	0.000000	0.000000	0.000000	0.000000	0.000000	0.000000	0.000000	0.000000	0.000000
45	G	O	1.000012	0.000000	0.000000	0.000000	0.000000	0.000000	0.000000	0.000000	0.000000	0.000000	0.000000	0.000000	0.000000	0.000000	0.000000	0.000000	0.000000	0.000000
46	Y	O	1.000017	0.000000	0.000000	0.000000	0.000000	0.000000	0.000000	0.000000	0.000000	0.000000	0.000000	0.000000	0.000000	0.000000	0.000000	0.000000	0.000000	0.000000
47	T	O	1.000016	0.000000	0.000000	0.000000	0.000000	0.000000	0.000000	0.000000	0.000000	0.000000	0.000000	0.000000	0.000000	0.000000	0.000000	0.000001	0.000000	0.000000
48	G	O	1.000016	0.000000	0.000000	0.000000	0.000001	0.000000	0.000000	0.000000	0.000000	0.000000	0.000000	0.000000	0.000000	0.000000	0.000000	0.000001	0.000000	0.000000
49	T	O	1.000012	0.000000	0.000000	0.000000	0.000001	0.000000	0.000000	0.000001	0.000000	0.000000	0.000000	0.000000	0.000000	0.000000	0.000000	0.000002	0.000000	0.000000
50	Q	O	1.000007	0.000000	0.000000	0.000000	0.000001	0.000001	0.000000	0.000001	0.000000	0.000000	0.000000	0.000000	0.000000	0.000000	0.000000	0.000003	0.000000	0.000000
51	A	O	1.000000	0.000000	0.000000	0.000000	0.000002	0.000001	0.000000	0.000001	0.000000	0.000000	0.000000	0.000000	0.000000	0.000000	0.000000	0.000003	0.000001	0.000000
52	S	O	0.999998	0.000000	0.000000	0.000000	0.000003	0.000001	0.000000	0.000002	0.000000	0.000000	0.000000	0.000000	0.000000	0.000000	0.000000	0.000005	0.000001	0.000001
53	V	O	0.999991	0.000000	0.000000	0.000000	0.000004	0.000002	0.000000	0.000003	0.000001	0.000001	0.000000	0.000000	0.000000	0.000000	0.000000	0.000006	0.000001	0.000001
54	A	O	0.999985	0.000000	0.000000	0.000000	0.000006	0.000003	0.000000	0.000005	0.000001	0.000001	0.000001	0.000000	0.000000	0.000000	0.000000	0.000008	0.000002	0.000001
55	W	O	0.999976	0.000000	0.000000	0.000000	0.000008	0.000004	0.000001	0.000007	0.000001	0.000002	0.000001	0.000001	0.000000	0.000000	0.000000	0.000010	0.000002	0.000002
56	L	O	0.999958	0.000000	0.000000	0.000000	0.000010	0.000005	0.000001	0.000010	0.000002	0.000003	0.000001	0.000001	0.000000	0.000000	0.000000	0.000013	0.000002	0.000002
57	G	O	0.999940	0.000000	0.000000	0.000000	0.000014	0.000007	0.000001	0.000014	0.000002	0.000004	0.000002	0.000001	0.000000	0.000001	0.000001	0.000019	0.000002	0.000003
58	P	O	0.999911	0.000000	0.000000	0.000000	0.000019	0.000011	0.000001	0.000019	0.000004	0.000005	0.000003	0.000001	0.000000	0.000001	0.000001	0.000026	0.000003	0.000003
59	R	O	0.999874	0.000000	0.000000	0.000000	0.000023	0.000016	0.000001	0.000025	0.000005	0.000008	0.000005	0.000002	0.000001	0.000001	0.000001	0.000035	0.000005	0.000003
60	L	O	0.999831	0.000000	0.000000	0.000000	0.000023	0.000027	0.000002	0.000036	0.000005	0.000015	0.000008	0.000002	0.000001	0.000002	0.000001	0.000040	0.000012	0.000005
61	A	O	0.999786	0.000000	0.000000	0.000000	0.000022	0.000038	0.000003	0.000042	0.000006	0.000024	0.000012	0.000002	0.000001	0.000003	0.000002	0.000042	0.000021	0.000009
62	S	O	0.999744	0.000000	0.000000	0.000000	0.000021	0.000047	0.000005	0.000041	0.000007	0.000035	0.000018	0.000002	0.000001	0.000004	0.000002	0.000038	0.000030	0.000014
63	H	O	0.999714	0.000000	0.000000	0.000000	0.000017	0.000054	0.000010	0.000032	0.000008	0.000049	0.000025	0.000002	0.000001	0.000006	0.000002	0.000029	0.000039	0.000022
64	G	O	0.999704	0.000000	0.000000	0.000000	0.000009	0.000067	0.000007	0.000027	0.000003	0.000059	0.000035	0.000002	0.000000	0.000008	0.000002	0.000018	0.000045	0.000026
65	F	O	0.999698	0.000000	0.000000	0.000000	0.000004	0.000068	0.000013	0.000014	0.000002	0.000067	0.000041	0.000001	0.000000	0.000008	0.000003	0.000007	0.000038	0.000044
66	V	O	0.999708	0.000000	0.000000	0.000000	0.000001	0.000065	0.000015	0.000007	0.000001	0.000059	0.000056	0.000000	0.000000	0.000009	0.000003	0.000003	0.000024	0.000053
67	V	O	0.999738	0.000000	0.000000	0.000000	0.000000	0.000054	0.000022	0.000003	0.000000	0.000041	0.000071	0.000000	0.000000	0.000009	0.000005	0.000002	0.000015	0.000047
68	I	O	0.999778	0.000000	0.000000	0.000000	0.000000	0.000031	0.000033	0.000000	0.000000	0.000020	0.000075	0.000000	0.000000	0.000007	0.000008	0.000000	0.000009	0.000041
69	V	O	0.999847	0.000000	0.000000	0.000000	0.000000	0.000000	0.000042	0.000000	0.000000	0.000000	0.000062	0.000000	0.000000	0.000000	0.000016	0.000000	0.000000	0.000034
70	I	O	0.999996	0.000000	0.000000	0.000000	0.000000	0.000000	0.000000	0.000000	0.000000	0.000000	0.000000	0.000000	0.000000	0.000000	0.000000	0.000000	0.000000	0.000000
