# Name=tournament_wt_235
# pos	aa	label	Other	Sec/SPI n	Sec/SPI h	Sec/SPI c	Sec/SPII n	Sec/SPII h	Sec/SPII cys	Tat/SPI n	Tat/SPI RR	Tat/SPI h	Tat/SPI c	Tat/SPII n	Tat/SPII RR	Tat/SPII h	Tat/SPII cys	Sec/SPIII P	Sec/SPIII cons.	Sec/SPIII h
1	A	O	0.979635	0.020140	0.000000	0.000000	0.000178	0.000000	0.000000	0.000004	0.000000	0.000000	0.000000	0.000000	0.000000	0.000000	0.000000	0.000071	0.000000	0.000000
2	S	O	0.979641	0.014025	0.006115	0.000000	0.000133	0.000044	0.000000	0.000003	0.000000	0.000001	0.000000	0.000000	0.000000	0.000000	0.000000	0.000061	0.000010	0.000000
3	I	O	0.979644	0.009123	0.009377	0.001640	0.000097	0.000081	0.000000	0.000002	0.000000	0.000001	0.000000	0.000000	0.000000	0.000000	0.000000	0.000052	0.000012	0.000007
4	A	O	0.979689	0.006601	0.008826	0.004668	0.000072	0.000099	0.000007	0.000002	0.000000	0.000001	0.000001	0.000000	0.000000	0.000000	0.000000	0.000045	0.000011	0.000010
5	A	O	0.979891	0.004573	0.008307	0.007034	0.000053	0.000103	0.000016	0.000001	0.000000	0.000001	0.000001	0.000000	0.000000	0.000000	0.000000	0.000038	0.000010	0.000010
6	T	O	0.980229	0.003242	0.006966	0.009384	0.000038	0.000100	0.000018	0.000001	0.000000	0.000001	0.000001	0.000000	0.000000	0.000000	0.000000	0.000032	0.000010	0.000009
7	T	O	0.980706	0.002309	0.005434	0.011393	0.000027	0.000090	0.000020	0.000001	0.000000	0.000001	0.000001	0.000000	0.000000	0.000000	0.000000	0.000026	0.000009	0.000009
8	G	O	0.981468	0.001601	0.004263	0.012543	0.000019	0.000077	0.000022	0.000000	0.000000	0.000001	0.000001	0.000000	0.000000	0.000000	0.000000	0.000021	0.000008	0.000008
9	P	O	0.982532	0.001094	0.003276	0.012999	0.000012	0.000064	0.000019	0.000000	0.000000	0.000001	0.000001	0.000000	0.000000	0.000000	0.000000	0.000016	0.000007	0.000007
10	F	O	0.983890	0.000677	0.002644	0.012714	0.000007	0.000052	0.000017	0.000000	0.000000	0.000001	0.000001	0.000000	0.000000	0.000000	0.000000	0.000012	0.000007	0.000006
11	A	O	0.985456	0.000458	0.001806	0.012230	0.000004	0.000042	0.000013	0.000000	0.000000	0.000000	0.000001	0.000000	0.000000	0.000000	0.000000	0.000009	0.000005	0.000006
12	V	O	0.987826	0.000303	0.001325	0.010512	0.000003	0.000030	0.000014	0.000000	0.000000	0.000000	0.000001	0.000000	0.000000	0.000000	0.000000	0.000006	0.000004	0.000005
13	A	O	0.990341	0.000216	0.000887	0.008540	0.000002	0.000020	0.000011	0.000000	0.000000	0.000000	0.000001	0.000000	0.000000	0.000000	0.000000	0.000004	0.000003	0.000004
14	S	O	0.993477	0.000156	0.000661	0.005707	0.000001	0.000012	0.000008	0.000000	0.000000	0.000000	0.000000	0.000000	0.000000	0.000000	0.000000	0.000003	0.000002	0.000003
15	V	O	0.995642	0.000104	0.000524	0.003744	0.000001	0.000008	0.000004	0.000000	0.000000	0.000000	0.000000	0.000000	0.000000	0.000000	0.000000	0.000002	0.000002	0.000002
16	S	O	0.996766	0.000072	0.000364	0.002813	0.000000	0.000006	0.000003	0.000000	0.000000	0.000000	0.000000	0.000000	0.000000	0.000000	0.000000	0.000001	0.000001	0.000001
17	V	O	0.997557	0.000049	0.000243	0.002168	0.000000	0.000004	0.000002	0.000000	0.000000	0.000000	0.000000	0.000000	0.000000	0.000000	0.000000	0.000001	0.000001	0.000001
18	P	O	0.998177	0.000035	0.000146	0.001661	0.000000	0.000003	0.000002	0.000000	0.000000	0.000000	0.000000	0.000000	0.000000	0.000000	0.000000	0.000001	0.000001	0.000001
19	R	O	0.998691	0.000026	0.000087	0.001214	0.000000	0.000002	0.000001	0.000000	0.000000	0.000000	0.000000	0.000000	0.000000	0.000000	0.000000	0.000000	0.000000	0.000001
20	G	O	0.999123	0.000020	0.000054	0.000829	0.000000	0.000001	0.000001	0.000000	0.000000	0.000000	0.000000	0.000000	0.000000	0.000000	0.000000	0.000000	0.000000	0.000000
21	N	O	0.999426	0.000015	0.000034	0.000550	0.000000	0.000001	0.000000	0.000000	0.000000	0.000000	0.000000	0.000000	0.000000	0.000000	0.000000	0.000000	0.000000	0.000000
22	G	O	0.999639	0.000012	0.000022	0.000349	0.000000	0.000000	0.000000	0.000000	0.000000	0.000000	0.000000	0.000000	0.000000	0.000000	0.000000	0.000000	0.000000	0.000000
23	F	O	0.999790	0.000010	0.000016	0.000211	0.000000	0.000000	0.000000	0.000000	0.000000	0.000000	0.000000	0.000000	0.000000	0.000000	0.000000	0.000000	0.000000	0.000000
24	G	O	0.999876	0.000008	0.000012	0.000130	0.000000	0.000000	0.000000	0.000000	0.000000	0.000000	0.000000	0.000000	0.000000	0.000000	0.000000	0.000000	0.000000	0.000000
25	G	O	0.999934	0.000007	0.000009	0.000076	0.000000	0.000000	0.000000	0.000000	0.000000	0.000000	0.000000	0.000000	0.000000	0.000000	0.000000	0.000000	0.000000	0.000000
26	G	O	0.999968	0.000005	0.000008	0.000045	0.000000	0.000000	0.000000	0.000000	0.000000	0.000000	0.000000	0.000000	0.000000	0.000000	0.000000	0.000000	0.000000	0.000000
27	V	O	0.999985	0.000004	0.000007	0.000028	0.000000	0.000000	0.000000	0.000000	0.000000	0.000000	0.000000	0.000000	0.000000	0.000000	0.000000	0.000000	0.000000	0.000000
28	I	O	0.999995	0.000003	0.000006	0.000020	0.000000	0.000000	0.000000	0.000000	0.000000	0.000000	0.000000	0.000000	0.000000	0.000000	0.000000	0.000000	0.000000	0.000000
29	Y	O	1.000001	0.000003	0.000005	0.000015	0.000000	0.000000	0.000000	0.000000	0.000000	0.000000	0.000000	0.000000	0.000000	0.000000	0.000000	0.000000	0.000000	0.000000
30	Y	O	1.000007	0.000002	0.000005	0.000013	0.000000	0.000000	0.000000	0.000000	0.000000	0.000000	0.000000	0.000000	0.000000	0.000000	0.000000	0.000000	0.000000	0.000000
31	P	O	1.000010	0.000002	0.000004	0.000011	0.000000	0.000000	0.000000	0.000000	0.000000	0.000000	0.000000	0.000000	0.000000	0.000000	0.000000	0.000000	0.000000	0.000000
32	T	O	1.000012	0.000001	0.000003	0.000010	0.000000	0.000000	0.000000	0.000000	0.000000	0.000000	0.000000	0.000000	0.000000	0.000000	0.000000	0.000000	0.000000	0.000000
33	S	O	1.000018	0.000001	0.000002	0.000010	0.000000	0.000000	0.000000	0.000000	0.000000	0.000000	0.000000	0.000000	0.000000	0.000000	0.000000	0.000000	0.000000	0.000000
34	T	O	1.000021	0.000001	0.000002	0.000009	0.000000	0.000000	0.000000	0.000000	0.000000	0.000000	0.000000	0.000000	0.000000	0.000000	0.000000	0.000000	0.000000	0.000000
35	S	O	1.000021	0.000001	0.000001	0.000008	0.000000	0.000000	0.000000	0.000000	0.000000	0.000000	0.000000	0.000000	0.000000	0.000000	0.000000	0.000000	0.000000	0.000000
36	Q	O	1.000017	0.000000	0.000001	0.000007	0.000000	0.000000	0.000000	0.000000	0.000000	0.000000	0.000000	0.000000	0.000000	0.000000	0.000000	0.000000	0.000000	0.000000
37	G	O	1.000019	0.000000	0.000000	0.000006	0.000000	0.000000	0.000000	0.000000	0.000000	0.000000	0.000000	0.000000	0.000000	0.000000	0.000000	0.000000	0.000000	0.000000
38	T	O	1.000020	0.000000	0.000000	0.000005	0.000000	0.000000	0.000000	0.000000	0.000000	0.000000	0.000000	0.000000	0.000000	0.000000	0.000000	0.000000	0.000000	0.000000
39	F	O	1.000020	0.000000	0.000000	0.000004	0.000000	0.000000	0.000000	0.000000	0.000000	0.000000	0.000000	0.000000	0.000000	0.000000	0.000000	0.000000	0.000000	0.000000
40	G	O	1.000024	0.000000	0.000000	0.000003	0.000000	0.000000	0.000000	0.000000	0.000000	0.000000	0.000000	0.000000	0.000000	0.000000	0.000000	0.000000	0.000000	0.000000
41	G	O	1.000026	0.000000	0.000000	0.000002	0.000000	0.000000	0.000000	0.000000	0.000000	0.000000	0.000000	0.000000	0.000000	0.000000	0.000000	0.000000	0.000000	0.000000
42	V	O	1.000030	0.000000	0.000000	0.000002	0.000000	0.000000	0.000000	0.000000	0.000000	0.000000	0.000000	0.000000	0.000000	0.000000	0.000000	0.000000	0.000000	0.000000
43	A	O	1.000025	0.000000	0.000000	0.000001	0.000000	0.000000	0.000000	0.000000	0.000000	0.000000	0.000000	0.000000	0.000000	0.000000	0.000000	0.000000	0.000000	0.000000
44	I	O	1.000021	0.000000	0.000000	0.000001	0.000000	0.000000	0.000000	0.000000	0.000000	0.000000	0.000000	0.000000	0.000000	0.000000	0.000000	0.000000	0.000000	0.000000
45	S	O	1.000020	0.000000	0.000000	0.000001	0.000000	0.000000	0.000000	0.000000	0.000000	0.000000	0.000000	0.000000	0.000000	0.000000	0.000000	0.000001	0.000000	0.000000
46	P	O	1.000020	0.000000	0.000000	0.000001	0.000000	0.000000	0.000000	0.000000	0.000000	0.000000	0.000000	0.000000	0.000000	0.000000	0.000000	0.000001	0.000000	0.000000
47	G	O	1.000019	0.000000	0.000000	0.000000	0.000000	0.000000	0.000000	0.000001	0.000000	0.000000	0.000000	0.000000	0.000000	0.000000	0.000000	0.000001	0.000000	0.000000
48	L	O	1.000015	0.000000	0.000000	0.000000	0.000001	0.000000	0.000000	0.000001	0.000000	0.000000	0.000000	0.000000	0.000000	0.000000	0.000000	0.000001	0.000000	0.000000
49	N	O	1.000014	0.000000	0.000000	0.000000	0.000001	0.000000	0.000000	0.000001	0.000000	0.000001	0.000001	0.000000	0.000000	0.000000	0.000000	0.000002	0.000001	0.000001
50	G	O	1.000011	0.000000	0.000000	0.000000	0.000001	0.000001	0.000000	0.000002	0.000000	0.000001	0.000001	0.000000	0.000000	0.000000	0.000000	0.000003	0.000001	0.000001
51	T	O	1.000010	0.000000	0.000000	0.000000	0.000002	0.000001	0.000000	0.000004	0.000001	0.000001	0.000001	0.000000	0.000000	0.000000	0.000000	0.000004	0.000001	0.000001
52	W	O	0.999997	0.000000	0.000000	0.000000	0.000002	0.000002	0.000000	0.000005	0.000001	0.000002	0.000002	0.000000	0.000000	0.000000	0.000000	0.000006	0.000001	0.000001
53	A	O	0.999983	0.000000	0.000000	0.000000	0.000003	0.000002	0.000000	0.000008	0.000001	0.000003	0.000003	0.000000	0.000000	0.000000	0.000000	0.000008	0.000002	0.000002
54	G	O	0.999976	0.000000	0.000000	0.000000	0.000003	0.000003	0.000001	0.000010	0.000001	0.000004	0.000004	0.000000	0.000000	0.000000	0.000000	0.000010	0.000003	0.000002
55	I	O	0.999967	0.000000	0.000000	0.000000	0.000004	0.000004	0.000001	0.000013	0.000002	0.000007	0.000005	0.000000	0.000000	0.000001	0.000001	0.000011	0.000004	0.000003
56	A	O	0.999947	0.000000	0.000000	0.000000	0.000005	0.000005	0.000001	0.000017	0.000003	0.000008	0.000007	0.000001	0.000000	0.000001	0.000001	0.000014	0.000004	0.000004
57	W	O	0.999934	0.000000	0.000000	0.000000	0.000006	0.000005	0.000002	0.000022	0.000003	0.000011	0.000010	0.000001	0.000000	0.000001	0.000001	0.000017	0.000004	0.000004
58	L	O	0.999914	0.000000	0.000000	0.000000	0.000008	0.000006	0.000002	0.000026	0.000004	0.000014	0.000013	0.000001	0.000000	0.000001	0.000001	0.000021	0.000005	0.000005
59	G	O	0.999887	0.000000	0.000000	0.000000	0.000010	0.000008	0.000002	0.000032	0.000004	0.000017	0.000017	0.000001	0.000000	0.000001	0.000001	0.000028	0.000005	0.000006
60	P	O	0.999857	0.000000	0.000000	0.000000	0.000012	0.000009	0.000002	0.000039	0.000006	0.000020	0.000024	0.000002	0.000000	0.000002	0.000002	0.000036	0.000006	0.000006
61	R	O	0.999810	0.000000	0.000000	0.000000	0.000014	0.000012	0.000003	0.000047	0.000009	0.000025	0.000032	0.000002	0.000001	0.000003	0.000002	0.000046	0.000008	0.000007
62	L	O	0.999749	0.000000	0.000000	0.000000	0.000014	0.000018	0.000003	0.000061	0.000007	0.000036	0.000040	0.000002	0.000001	0.000004	0.000003	0.000055	0.000014	0.000009
63	A	O	0.999684	0.000000	0.000000	0.000000	0.000013	0.000024	0.000004	0.000070	0.000009	0.000049	0.000055	0.000003	0.000001	0.000005	0.000004	0.000065	0.000020	0.000014
64	S	O	0.999615	0.000000	0.000000	0.000000	0.000011	0.000030	0.000005	0.000074	0.000008	0.000065	0.000073	0.000002	0.000001	0.000007	0.000005	0.000069	0.000031	0.000019
65	Q	O	0.999556	0.000000	0.000000	0.000000	0.000008	0.000034	0.000010	0.000064	0.000009	0.000084	0.000093	0.000002	0.000000	0.000009	0.000008	0.000065	0.000042	0.000029
66	G	O	0.999533	0.000000	0.000000	0.000000	0.000003	0.000037	0.000011	0.000050	0.000003	0.000101	0.000112	0.000001	0.000000	0.000012	0.000008	0.000050	0.000056	0.000038
67	F	O	0.999536	0.000000	0.000000	0.000000	0.000000	0.000033	0.000016	0.000022	0.000000	0.000111	0.000126	0.000000	0.000000	0.000013	0.000012	0.000022	0.000066	0.000056
68	V	O	0.999583	0.000000	0.000000	0.000000	0.000000	0.000021	0.000021	0.000000	0.000000	0.000078	0.000154	0.000000	0.000000	0.000011	0.000015	0.000000	0.000051	0.000073
69	I	O	0.999694	0.000000	0.000000	0.000000	0.000000	0.000000	0.000030	0.000000	0.000000	0.000000	0.000160	0.000000	0.000000	0.000000	0.000030	0.000000	0.000000	0.000086
70	F	O	1.000000	0.000000	0.000000	0.000000	0.000000	0.000000	0.000000	0.000000	0.000000	0.000000	0.000000	0.000000	0.000000	0.000000	0.000000	0.000000	0.000000	0.000000
