# Name=tournament_wt_61
# pos	aa	label	Other	Sec/SPI n	Sec/SPI h	Sec/SPI c	Sec/SPII n	Sec/SPII h	Sec/SPII cys	Tat/SPI n	Tat/SPI RR	Tat/SPI h	Tat/SPI c	Tat/SPII n	Tat/SPII RR	Tat/SPII h	Tat/SPII cys	Sec/SPIII P	Sec/SPIII cons.	Sec/SPIII h
1	A	O	0.993490	0.006458	0.000000	0.000000	0.000040	0.000000	0.000000	0.000000	0.000000	0.000000	0.000000	0.000000	0.000000	0.000000	0.000000	0.000005	0.000000	0.000000
2	P	O	0.993494	0.004919	0.001539	0.000000	0.000032	0.000008	0.000000	0.000000	0.000000	0.000000	0.000000	0.000000	0.000000	0.000000	0.000000	0.000004	0.000001	0.000000
3	R	O	0.993494	0.003972	0.002006	0.000480	0.000026	0.000014	0.000000	0.000000	0.000000	0.000000	0.000000	0.000000	0.000000	0.000000	0.000000	0.000004	0.000001	0.000001
4	G	O	0.993520	0.003250	0.002041	0.001141	0.000021	0.000017	0.000002	0.000000	0.000000	0.000000	0.000000	0.000000	0.000000	0.000000	0.000000	0.000003	0.000001	0.000001
5	P	O	0.993594	0.002702	0.001889	0.001769	0.000017	0.000017	0.000003	0.000000	0.000000	0.000000	0.000000	0.000000	0.000000	0.000000	0.000000	0.000003	0.000001	0.000001
6	Y	O	0.993735	0.002251	0.001725	0.002247	0.000014	0.000017	0.000004	0.000000	0.000000	0.000000	0.000000	0.000000	0.000000	0.000000	0.000000	0.000002	0.000001	0.000001
7	A	O	0.993941	0.001903	0.001488	0.002632	0.000011	0.000016	0.000004	0.000000	0.000000	0.000000	0.000000	0.000000	0.000000	0.000000	0.000000	0.000002	0.000001	0.000001
8	T	O	0.994268	0.001597	0.001371	0.002729	0.000009	0.000014	0.000004	0.000000	0.000000	0.000000	0.000000	0.000000	0.000000	0.000000	0.000000	0.000002	0.000000	0.000000
9	A	O	0.994737	0.001340	0.001294	0.002601	0.000007	0.000013	0.000003	0.000000	0.000000	0.000000	0.000000	0.000000	0.000000	0.000000	0.000000	0.000001	0.000000	0.000000
10	Q	O	0.995380	0.001108	0.001294	0.002192	0.000006	0.000011	0.000003	0.000000	0.000000	0.000000	0.000000	0.000000	0.000000	0.000000	0.000000	0.000001	0.000000	0.000000
11	I	O	0.995800	0.000882	0.001274	0.002021	0.000004	0.000010	0.000002	0.000000	0.000000	0.000000	0.000000	0.000000	0.000000	0.000000	0.000000	0.000001	0.000000	0.000000
12	S	O	0.996177	0.000720	0.001157	0.001924	0.000003	0.000010	0.000002	0.000000	0.000000	0.000000	0.000000	0.000000	0.000000	0.000000	0.000000	0.000001	0.000000	0.000000
13	V	O	0.996584	0.000564	0.001094	0.001737	0.000003	0.000009	0.000002	0.000000	0.000000	0.000000	0.000000	0.000000	0.000000	0.000000	0.000000	0.000001	0.000000	0.000000
14	S	O	0.996930	0.000441	0.000984	0.001630	0.000002	0.000007	0.000002	0.000000	0.000000	0.000000	0.000000	0.000000	0.000000	0.000000	0.000000	0.000000	0.000000	0.000000
15	R	O	0.997303	0.000336	0.000898	0.001443	0.000001	0.000006	0.000002	0.000000	0.000000	0.000000	0.000000	0.000000	0.000000	0.000000	0.000000	0.000000	0.000000	0.000000
16	L	O	0.997614	0.000241	0.000815	0.001314	0.000001	0.000006	0.000001	0.000000	0.000000	0.000000	0.000000	0.000000	0.000000	0.000000	0.000000	0.000000	0.000000	0.000000
17	S	O	0.997839	0.000178	0.000656	0.001315	0.000001	0.000005	0.000001	0.000000	0.000000	0.000000	0.000000	0.000000	0.000000	0.000000	0.000000	0.000000	0.000000	0.000000
18	V	O	0.998075	0.000131	0.000508	0.001276	0.000000	0.000004	0.000001	0.000000	0.000000	0.000000	0.000000	0.000000	0.000000	0.000000	0.000000	0.000000	0.000000	0.000000
19	T	O	0.998289	0.000102	0.000353	0.001246	0.000000	0.000004	0.000001	0.000000	0.000000	0.000000	0.000000	0.000000	0.000000	0.000000	0.000000	0.000000	0.000000	0.000000
20	G	O	0.998533	0.000081	0.000245	0.001130	0.000000	0.000003	0.000001	0.000000	0.000000	0.000000	0.000000	0.000000	0.000000	0.000000	0.000000	0.000000	0.000000	0.000000
21	F	O	0.998841	0.000065	0.000185	0.000897	0.000000	0.000002	0.000001	0.000000	0.000000	0.000000	0.000000	0.000000	0.000000	0.000000	0.000000	0.000000	0.000000	0.000000
22	G	O	0.999094	0.000054	0.000131	0.000711	0.000000	0.000002	0.000001	0.000000	0.000000	0.000000	0.000000	0.000000	0.000000	0.000000	0.000000	0.000000	0.000000	0.000000
23	G	O	0.999334	0.000045	0.000098	0.000510	0.000000	0.000001	0.000001	0.000000	0.000000	0.000000	0.000000	0.000000	0.000000	0.000000	0.000000	0.000000	0.000000	0.000000
24	G	O	0.999531	0.000037	0.000078	0.000346	0.000000	0.000001	0.000000	0.000000	0.000000	0.000000	0.000000	0.000000	0.000000	0.000000	0.000000	0.000000	0.000000	0.000000
25	V	O	0.999660	0.000031	0.000066	0.000233	0.000000	0.000000	0.000000	0.000000	0.000000	0.000000	0.000000	0.000000	0.000000	0.000000	0.000000	0.000000	0.000000	0.000000
26	I	O	0.999735	0.000025	0.000055	0.000173	0.000000	0.000000	0.000000	0.000000	0.000000	0.000000	0.000000	0.000000	0.000000	0.000000	0.000000	0.000000	0.000000	0.000000
27	Y	O	0.999790	0.000021	0.000044	0.000139	0.000000	0.000000	0.000000	0.000000	0.000000	0.000000	0.000000	0.000000	0.000000	0.000000	0.000000	0.000000	0.000000	0.000000
28	Y	O	0.999830	0.000017	0.000035	0.000113	0.000000	0.000000	0.000000	0.000000	0.000000	0.000000	0.000000	0.000000	0.000000	0.000000	0.000000	0.000000	0.000000	0.000000
29	P	O	0.999859	0.000014	0.000028	0.000092	0.000000	0.000000	0.000000	0.000000	0.000000	0.000000	0.000000	0.000000	0.000000	0.000000	0.000000	0.000000	0.000000	0.000000
30	T	O	0.999886	0.000012	0.000023	0.000077	0.000000	0.000000	0.000000	0.000000	0.000000	0.000000	0.000000	0.000000	0.000000	0.000000	0.000000	0.000000	0.000000	0.000000
31	T	O	0.999902	0.000010	0.000018	0.000070	0.000000	0.000000	0.000000	0.000000	0.000000	0.000000	0.000000	0.000000	0.000000	0.000000	0.000000	0.000000	0.000000	0.000000
32	T	O	0.999911	0.000008	0.000013	0.000066	0.000000	0.000000	0.000000	0.000000	0.000000	0.000000	0.000000	0.000000	0.000000	0.000000	0.000000	0.000000	0.000000	0.000000
33	S	O	0.999919	0.000007	0.000009	0.000062	0.000000	0.000000	0.000000	0.000000	0.000000	0.000000	0.000000	0.000000	0.000000	0.000000	0.000000	0.000000	0.000000	0.000000
34	E	O	0.999931	0.000006	0.000006	0.000056	0.000000	0.000000	0.000000	0.000000	0.000000	0.000000	0.000000	0.000000	0.000000	0.000000	0.000000	0.000000	0.000000	0.000000
35	G	O	0.999941	0.000006	0.000005	0.000048	0.000000	0.000000	0.000000	0.000000	0.000000	0.000000	0.000000	0.000000	0.000000	0.000000	0.000000	0.000000	0.000000	0.000000
36	R	O	0.999952	0.000005	0.000004	0.000039	0.000000	0.000000	0.000000	0.000000	0.000000	0.000000	0.000000	0.000000	0.000000	0.000000	0.000000	0.000000	0.000000	0.000000
37	F	O	0.999963	0.000004	0.000004	0.000032	0.000000	0.000000	0.000000	0.000000	0.000000	0.000000	0.000000	0.000000	0.000000	0.000000	0.000000	0.000000	0.000000	0.000000
38	G	O	0.999966	0.000004	0.000003	0.000026	0.000000	0.000000	0.000000	0.000000	0.000000	0.000000	0.000000	0.000000	0.000000	0.000000	0.000000	0.000000	0.000000	0.000000
39	A	O	0.999973	0.000003	0.000003	0.000021	0.000000	0.000000	0.000000	0.000000	0.000000	0.000000	0.000000	0.000000	0.000000	0.000000	0.000000	0.000000	0.000000	0.000000
40	I	O	0.999973	0.000003	0.000003	0.000017	0.000000	0.000000	0.000000	0.000000	0.000000	0.000000	0.000000	0.000000	0.000000	0.000000	0.000000	0.000000	0.000000	0.000000
41	A	O	0.999975	0.000002	0.000003	0.000014	0.000000	0.000000	0.000000	0.000000	0.000000	0.000000	0.000000	0.000000	0.000000	0.000000	0.000000	0.000000	0.000000	0.000000
42	I	O	0.999979	0.000002	0.000002	0.000012	0.000000	0.000000	0.000000	0.000000	0.000000	0.000000	0.000000	0.000000	0.000000	0.000000	0.000000	0.000000	0.000000	0.000000
43	S	O	0.999982	0.000001	0.000002	0.000011	0.000000	0.000000	0.000000	0.000000	0.000000	0.000000	0.000000	0.000000	0.000000	0.000000	0.000000	0.000000	0.000000	0.000000
44	P	O	0.999983	0.000001	0.000002	0.000010	0.000000	0.000000	0.000000	0.000000	0.000000	0.000000	0.000000	0.000000	0.000000	0.000000	0.000000	0.000000	0.000000	0.000000
45	G	O	0.999982	0.000001	0.000002	0.000009	0.000000	0.000000	0.000000	0.000000	0.000000	0.000000	0.000000	0.000000	0.000000	0.000000	0.000000	0.000000	0.000000	0.000000
46	F	O	0.999989	0.000001	0.000001	0.000008	0.000000	0.000000	0.000000	0.000000	0.000000	0.000000	0.000000	0.000000	0.000000	0.000000	0.000000	0.000000	0.000000	0.000000
47	T	O	0.999992	0.000001	0.000001	0.000007	0.000000	0.000000	0.000000	0.000000	0.000000	0.000000	0.000000	0.000000	0.000000	0.000000	0.000000	0.000000	0.000000	0.000000
48	A	O	0.999993	0.000001	0.000001	0.000007	0.000000	0.000000	0.000000	0.000000	0.000000	0.000000	0.000000	0.000000	0.000000	0.000000	0.000000	0.000000	0.000000	0.000000
49	T	O	0.999993	0.000000	0.000001	0.000006	0.000000	0.000000	0.000000	0.000000	0.000000	0.000000	0.000000	0.000000	0.000000	0.000000	0.000000	0.000000	0.000000	0.000000
50	W	O	0.999996	0.000000	0.000001	0.000005	0.000000	0.000000	0.000000	0.000000	0.000000	0.000000	0.000000	0.000000	0.000000	0.000000	0.000000	0.000000	0.000000	0.000000
51	S	O	0.999998	0.000000	0.000000	0.000004	0.000000	0.000000	0.000000	0.000000	0.000000	0.000000	0.000000	0.000000	0.000000	0.000000	0.000000	0.000000	0.000000	0.000000
52	S	O	0.999997	0.000000	0.000000	0.000003	0.000001	0.000000	0.000000	0.000001	0.000000	0.000000	0.000000	0.000000	0.000000	0.000000	0.000000	0.000001	0.000000	0.000000
53	L	O	0.999997	0.000000	0.000000	0.000003	0.000001	0.000000	0.000000	0.000001	0.000000	0.000000	0.000000	0.000000	0.000000	0.000000	0.000000	0.000001	0.000000	0.000000
54	D	O	0.999995	0.000000	0.000000	0.000002	0.000001	0.000000	0.000000	0.000001	0.000000	0.000000	0.000000	0.000000	0.000000	0.000000	0.000000	0.000001	0.000000	0.000000
55	W	O	0.999995	0.000000	0.000000	0.000002	0.000001	0.000001	0.000000	0.000002	0.000000	0.000000	0.000000	0.000000	0.000000	0.000000	0.000000	0.000001	0.000000	0.000000
56	L	O	0.999996	0.000000	0.000000	0.000001	0.000002	0.000001	0.000000	0.000002	0.000000	0.000001	0.000000	0.000000	0.000000	0.000000	0.000000	0.000002	0.000000	0.000000
57	G	O	0.999988	0.000000	0.000000	0.000001	0.000002	0.000001	0.000000	0.000004	0.000001	0.000001	0.000001	0.000000	0.000000	0.000000	0.000000	0.000003	0.000000	0.000000
58	P	O	0.999987	0.000000	0.000000	0.000001	0.000003	0.000002	0.000000	0.000005	0.000001	0.000001	0.000001	0.000000	0.000000	0.000000	0.000000	0.000004	0.000000	0.000000
59	R	O	0.999975	0.000000	0.000000	0.000001	0.000004	0.000002	0.000000	0.000007	0.000002	0.000002	0.000001	0.000001	0.000000	0.000000	0.000000	0.000005	0.000001	0.000000
60	L	O	0.999965	0.000000	0.000000	0.000001	0.000005	0.000004	0.000000	0.000011	0.000001	0.000003	0.000002	0.000001	0.000000	0.000000	0.000000	0.000007	0.000001	0.000001
61	A	O	0.999951	0.000000	0.000000	0.000001	0.000005	0.000006	0.000000	0.000015	0.000002	0.000006	0.000003	0.000001	0.000000	0.000001	0.000000	0.000009	0.000002	0.000001
62	S	O	0.999939	0.000000	0.000000	0.000001	0.000005	0.000008	0.000001	0.000018	0.000003	0.000009	0.000005	0.000001	0.000000	0.000001	0.000000	0.000011	0.000003	0.000001
63	H	O	0.999924	0.000000	0.000000	0.000000	0.000005	0.000010	0.000001	0.000016	0.000004	0.000015	0.000007	0.000001	0.000000	0.000002	0.000001	0.000011	0.000006	0.000002
64	G	O	0.999913	0.000000	0.000000	0.000000	0.000003	0.000013	0.000002	0.000017	0.000002	0.000022	0.000009	0.000001	0.000000	0.000003	0.000001	0.000009	0.000009	0.000004
65	F	O	0.999906	0.000000	0.000000	0.000000	0.000001	0.000014	0.000003	0.000012	0.000001	0.000030	0.000011	0.000001	0.000000	0.000004	0.000001	0.000005	0.000011	0.000007
66	V	O	0.999903	0.000000	0.000000	0.000000	0.000000	0.000014	0.000003	0.000007	0.000001	0.000034	0.000016	0.000000	0.000000	0.000005	0.000001	0.000003	0.000011	0.000009
67	V	O	0.999907	0.000000	0.000000	0.000000	0.000000	0.000013	0.000004	0.000003	0.000000	0.000031	0.000024	0.000000	0.000000	0.000005	0.000002	0.000001	0.000009	0.000011
68	F	O	0.999917	0.000000	0.000000	0.000000	0.000000	0.000008	0.000008	0.000000	0.000000	0.000021	0.000033	0.000000	0.000000	0.000004	0.000004	0.000000	0.000005	0.000013
69	G	O	0.999932	0.000000	0.000000	0.000000	0.000000	0.000000	0.000011	0.000000	0.000000	0.000000	0.000046	0.000000	0.000000	0.000000	0.000009	0.000000	0.000000	0.000012
70	I	O	1.000002	0.000000	0.000000	0.000000	0.000000	0.000000	0.000000	0.000000	0.000000	0.000000	0.000000	0.000000	0.000000	0.000000	0.000000	0.000000	0.000000	0.000000
