# Name=tournament_wt_285
# pos	aa	label	Other	Sec/SPI n	Sec/SPI h	Sec/SPI c	Sec/SPII n	Sec/SPII h	Sec/SPII cys	Tat/SPI n	Tat/SPI RR	Tat/SPI h	Tat/SPI c	Tat/SPII n	Tat/SPII RR	Tat/SPII h	Tat/SPII cys	Sec/SPIII P	Sec/SPIII cons.	Sec/SPIII h
1	A	O	0.980796	0.018809	0.000000	0.000000	0.000313	0.000000	0.000000	0.000003	0.000000	0.000000	0.000000	0.000000	0.000000	0.000000	0.000000	0.000069	0.000000	0.000000
2	S	O	0.980794	0.012857	0.005952	0.000000	0.000225	0.000088	0.000000	0.000002	0.000000	0.000001	0.000000	0.000000	0.000000	0.000000	0.000000	0.000060	0.000010	0.000000
3	V	O	0.980799	0.008740	0.008484	0.001585	0.000156	0.000157	0.000000	0.000002	0.000000	0.000001	0.000000	0.000000	0.000000	0.000000	0.000000	0.000050	0.000012	0.000007
4	T	O	0.980851	0.006559	0.007870	0.004334	0.000109	0.000190	0.000014	0.000001	0.000000	0.000001	0.000001	0.000000	0.000000	0.000000	0.000000	0.000043	0.000011	0.000010
5	A	O	0.981059	0.005051	0.006796	0.006737	0.000077	0.000192	0.000030	0.000001	0.000000	0.000001	0.000001	0.000000	0.000000	0.000000	0.000000	0.000036	0.000010	0.000010
6	T	O	0.981517	0.003992	0.005686	0.008486	0.000054	0.000173	0.000042	0.000001	0.000000	0.000001	0.000001	0.000000	0.000000	0.000000	0.000000	0.000030	0.000010	0.000009
7	T	O	0.982213	0.003175	0.004661	0.009687	0.000038	0.000143	0.000045	0.000000	0.000000	0.000001	0.000001	0.000000	0.000000	0.000000	0.000000	0.000024	0.000009	0.000009
8	G	O	0.983286	0.002476	0.004027	0.009995	0.000028	0.000110	0.000044	0.000000	0.000000	0.000000	0.000001	0.000000	0.000000	0.000000	0.000000	0.000019	0.000007	0.000008
9	P	O	0.984666	0.001899	0.003531	0.009741	0.000020	0.000082	0.000036	0.000000	0.000000	0.000000	0.000001	0.000000	0.000000	0.000000	0.000000	0.000015	0.000006	0.000007
10	F	O	0.986114	0.001421	0.003096	0.009248	0.000014	0.000062	0.000026	0.000000	0.000000	0.000000	0.000001	0.000000	0.000000	0.000000	0.000000	0.000012	0.000005	0.000006
11	R	O	0.987605	0.001063	0.002620	0.008625	0.000010	0.000047	0.000019	0.000000	0.000000	0.000000	0.000001	0.000000	0.000000	0.000000	0.000000	0.000009	0.000004	0.000005
12	V	O	0.989085	0.000760	0.002243	0.007845	0.000006	0.000036	0.000014	0.000000	0.000000	0.000000	0.000000	0.000000	0.000000	0.000000	0.000000	0.000006	0.000004	0.000004
13	T	O	0.990444	0.000562	0.001757	0.007188	0.000004	0.000028	0.000010	0.000000	0.000000	0.000000	0.000000	0.000000	0.000000	0.000000	0.000000	0.000005	0.000003	0.000003
14	E	O	0.991823	0.000415	0.001346	0.006377	0.000003	0.000020	0.000009	0.000000	0.000000	0.000000	0.000000	0.000000	0.000000	0.000000	0.000000	0.000004	0.000002	0.000003
15	A	O	0.993188	0.000296	0.001058	0.005436	0.000002	0.000015	0.000007	0.000000	0.000000	0.000000	0.000000	0.000000	0.000000	0.000000	0.000000	0.000003	0.000001	0.000002
16	R	O	0.994395	0.000209	0.000805	0.004581	0.000001	0.000010	0.000005	0.000000	0.000000	0.000000	0.000000	0.000000	0.000000	0.000000	0.000000	0.000002	0.000001	0.000001
17	I	O	0.995331	0.000146	0.000573	0.003942	0.000001	0.000007	0.000003	0.000000	0.000000	0.000000	0.000000	0.000000	0.000000	0.000000	0.000000	0.000001	0.000001	0.000001
18	T	O	0.996120	0.000108	0.000362	0.003407	0.000000	0.000005	0.000002	0.000000	0.000000	0.000000	0.000000	0.000000	0.000000	0.000000	0.000000	0.000001	0.000001	0.000001
19	G	O	0.996917	0.000081	0.000229	0.002774	0.000000	0.000003	0.000002	0.000000	0.000000	0.000000	0.000000	0.000000	0.000000	0.000000	0.000000	0.000001	0.000000	0.000001
20	A	O	0.997699	0.000062	0.000150	0.002090	0.000000	0.000002	0.000001	0.000000	0.000000	0.000000	0.000000	0.000000	0.000000	0.000000	0.000000	0.000001	0.000000	0.000000
21	R	O	0.998341	0.000048	0.000100	0.001516	0.000000	0.000001	0.000001	0.000000	0.000000	0.000000	0.000000	0.000000	0.000000	0.000000	0.000000	0.000000	0.000000	0.000000
22	G	O	0.998850	0.000038	0.000069	0.001054	0.000000	0.000001	0.000001	0.000000	0.000000	0.000000	0.000000	0.000000	0.000000	0.000000	0.000000	0.000000	0.000000	0.000000
23	F	O	0.999233	0.000030	0.000051	0.000697	0.000000	0.000001	0.000000	0.000000	0.000000	0.000000	0.000000	0.000000	0.000000	0.000000	0.000000	0.000000	0.000000	0.000000
24	G	O	0.999480	0.000025	0.000036	0.000471	0.000000	0.000000	0.000000	0.000000	0.000000	0.000000	0.000000	0.000000	0.000000	0.000000	0.000000	0.000000	0.000000	0.000000
25	G	O	0.999663	0.000021	0.000028	0.000302	0.000000	0.000000	0.000000	0.000000	0.000000	0.000000	0.000000	0.000000	0.000000	0.000000	0.000000	0.000000	0.000000	0.000000
26	G	O	0.999787	0.000017	0.000022	0.000186	0.000000	0.000000	0.000000	0.000000	0.000000	0.000000	0.000000	0.000000	0.000000	0.000000	0.000000	0.000000	0.000000	0.000000
27	R	O	0.999873	0.000014	0.000019	0.000111	0.000000	0.000000	0.000000	0.000000	0.000000	0.000000	0.000000	0.000000	0.000000	0.000000	0.000000	0.000000	0.000000	0.000000
28	I	O	0.999920	0.000011	0.000017	0.000070	0.000000	0.000000	0.000000	0.000000	0.000000	0.000000	0.000000	0.000000	0.000000	0.000000	0.000000	0.000000	0.000000	0.000000
29	Y	O	0.999946	0.000009	0.000015	0.000049	0.000000	0.000000	0.000000	0.000000	0.000000	0.000000	0.000000	0.000000	0.000000	0.000000	0.000000	0.000000	0.000000	0.000000
30	Y	O	0.999957	0.000007	0.000013	0.000038	0.000000	0.000000	0.000000	0.000000	0.000000	0.000000	0.000000	0.000000	0.000000	0.000000	0.000000	0.000000	0.000000	0.000000
31	P	O	0.999965	0.000006	0.000011	0.000031	0.000000	0.000000	0.000000	0.000000	0.000000	0.000000	0.000000	0.000000	0.000000	0.000000	0.000000	0.000000	0.000000	0.000000
32	T	O	0.999979	0.000005	0.000009	0.000027	0.000000	0.000000	0.000000	0.000000	0.000000	0.000000	0.000000	0.000000	0.000000	0.000000	0.000000	0.000000	0.000000	0.000000
33	D	O	0.999981	0.000004	0.000007	0.000025	0.000000	0.000000	0.000000	0.000000	0.000000	0.000000	0.000000	0.000000	0.000000	0.000000	0.000000	0.000000	0.000000	0.000000
34	T	O	0.999984	0.000003	0.000005	0.000024	0.000000	0.000000	0.000000	0.000000	0.000000	0.000000	0.000000	0.000000	0.000000	0.000000	0.000000	0.000000	0.000000	0.000000
35	S	O	0.999988	0.000002	0.000004	0.000024	0.000000	0.000000	0.000000	0.000000	0.000000	0.000000	0.000000	0.000000	0.000000	0.000000	0.000000	0.000000	0.000000	0.000000
36	Q	O	0.999993	0.000002	0.000003	0.000022	0.000000	0.000000	0.000000	0.000000	0.000000	0.000000	0.000000	0.000000	0.000000	0.000000	0.000000	0.000000	0.000000	0.000000
37	G	O	0.999993	0.000002	0.000002	0.000020	0.000000	0.000000	0.000000	0.000000	0.000000	0.000000	0.000000	0.000000	0.000000	0.000000	0.000000	0.000000	0.000000	0.000000
38	T	O	0.999997	0.000001	0.000002	0.000017	0.000000	0.000000	0.000000	0.000000	0.000000	0.000000	0.000000	0.000000	0.000000	0.000000	0.000000	0.000000	0.000000	0.000000
39	F	O	1.000001	0.000001	0.000001	0.000014	0.000000	0.000000	0.000000	0.000000	0.000000	0.000000	0.000000	0.000000	0.000000	0.000000	0.000000	0.000000	0.000000	0.000000
40	G	O	1.000003	0.000001	0.000001	0.000011	0.000000	0.000000	0.000000	0.000000	0.000000	0.000000	0.000000	0.000000	0.000000	0.000000	0.000000	0.000000	0.000000	0.000000
41	A	O	1.000006	0.000001	0.000001	0.000008	0.000000	0.000000	0.000000	0.000000	0.000000	0.000000	0.000000	0.000000	0.000000	0.000000	0.000000	0.000000	0.000000	0.000000
42	V	O	1.000010	0.000001	0.000001	0.000006	0.000000	0.000000	0.000000	0.000000	0.000000	0.000000	0.000000	0.000000	0.000000	0.000000	0.000000	0.000000	0.000000	0.000000
43	A	O	1.000015	0.000001	0.000001	0.000005	0.000000	0.000000	0.000000	0.000000	0.000000	0.000000	0.000000	0.000000	0.000000	0.000000	0.000000	0.000000	0.000000	0.000000
44	I	O	1.000015	0.000000	0.000001	0.000004	0.000000	0.000000	0.000000	0.000000	0.000000	0.000000	0.000000	0.000000	0.000000	0.000000	0.000000	0.000000	0.000000	0.000000
45	S	O	1.000010	0.000000	0.000001	0.000003	0.000000	0.000000	0.000000	0.000000	0.000000	0.000000	0.000000	0.000000	0.000000	0.000000	0.000000	0.000001	0.000000	0.000000
46	P	O	1.000011	0.000000	0.000000	0.000003	0.000000	0.000000	0.000000	0.000000	0.000000	0.000000	0.000000	0.000000	0.000000	0.000000	0.000000	0.000001	0.000000	0.000000
47	G	O	1.000011	0.000000	0.000000	0.000003	0.000000	0.000000	0.000000	0.000001	0.000000	0.000000	0.000000	0.000000	0.000000	0.000000	0.000000	0.000001	0.000000	0.000000
48	F	O	1.000010	0.000000	0.000000	0.000002	0.000000	0.000001	0.000000	0.000001	0.000000	0.000000	0.000000	0.000000	0.000000	0.000000	0.000000	0.000001	0.000000	0.000000
49	T	O	1.000005	0.000000	0.000000	0.000002	0.000001	0.000001	0.000000	0.000001	0.000000	0.000001	0.000001	0.000000	0.000000	0.000000	0.000000	0.000002	0.000001	0.000001
50	A	O	1.000002	0.000000	0.000000	0.000002	0.000001	0.000001	0.000000	0.000002	0.000000	0.000001	0.000001	0.000000	0.000000	0.000000	0.000000	0.000002	0.000001	0.000001
51	Y	O	1.000004	0.000000	0.000000	0.000002	0.000001	0.000001	0.000000	0.000002	0.000000	0.000001	0.000001	0.000000	0.000000	0.000000	0.000000	0.000003	0.000001	0.000001
52	W	O	0.999996	0.000000	0.000000	0.000001	0.000001	0.000001	0.000000	0.000003	0.000000	0.000001	0.000001	0.000000	0.000000	0.000000	0.000000	0.000003	0.000001	0.000001
53	S	O	0.999992	0.000000	0.000000	0.000001	0.000001	0.000001	0.000000	0.000004	0.000001	0.000002	0.000002	0.000000	0.000000	0.000000	0.000000	0.000004	0.000001	0.000001
54	S	O	0.999985	0.000000	0.000000	0.000001	0.000002	0.000002	0.000001	0.000006	0.000001	0.000003	0.000002	0.000000	0.000000	0.000000	0.000000	0.000005	0.000001	0.000001
55	L	O	0.999979	0.000000	0.000000	0.000001	0.000002	0.000002	0.000001	0.000008	0.000001	0.000004	0.000003	0.000000	0.000000	0.000000	0.000000	0.000006	0.000002	0.000002
56	D	O	0.999973	0.000000	0.000000	0.000001	0.000003	0.000002	0.000001	0.000010	0.000002	0.000005	0.000005	0.000000	0.000000	0.000000	0.000000	0.000008	0.000002	0.000002
57	W	O	0.999957	0.000000	0.000000	0.000001	0.000004	0.000003	0.000001	0.000014	0.000002	0.000007	0.000006	0.000000	0.000000	0.000001	0.000001	0.000010	0.000003	0.000003
58	L	O	0.999945	0.000000	0.000000	0.000000	0.000005	0.000003	0.000001	0.000017	0.000002	0.000009	0.000009	0.000001	0.000000	0.000001	0.000001	0.000012	0.000003	0.000003
59	G	O	0.999926	0.000000	0.000000	0.000000	0.000006	0.000004	0.000001	0.000021	0.000003	0.000013	0.000013	0.000001	0.000000	0.000001	0.000001	0.000016	0.000004	0.000004
60	P	O	0.999896	0.000000	0.000000	0.000000	0.000008	0.000005	0.000002	0.000026	0.000004	0.000016	0.000019	0.000001	0.000000	0.000001	0.000001	0.000022	0.000004	0.000004
61	R	O	0.999856	0.000000	0.000000	0.000000	0.000010	0.000007	0.000002	0.000032	0.000006	0.000020	0.000029	0.000001	0.000000	0.000002	0.000002	0.000029	0.000005	0.000005
62	L	O	0.999809	0.000000	0.000000	0.000000	0.000010	0.000011	0.000002	0.000044	0.000005	0.000027	0.000038	0.000001	0.000000	0.000002	0.000002	0.000037	0.000008	0.000006
63	A	O	0.999759	0.000000	0.000000	0.000000	0.000010	0.000016	0.000003	0.000051	0.000006	0.000037	0.000053	0.000002	0.000000	0.000004	0.000003	0.000044	0.000012	0.000009
64	S	O	0.999712	0.000000	0.000000	0.000000	0.000009	0.000020	0.000004	0.000054	0.000006	0.000050	0.000067	0.000002	0.000000	0.000005	0.000004	0.000048	0.000019	0.000013
65	Q	O	0.999666	0.000000	0.000000	0.000000	0.000006	0.000023	0.000007	0.000046	0.000007	0.000064	0.000083	0.000001	0.000000	0.000006	0.000006	0.000046	0.000027	0.000019
66	G	O	0.999641	0.000000	0.000000	0.000000	0.000002	0.000026	0.000007	0.000040	0.000002	0.000076	0.000100	0.000001	0.000000	0.000008	0.000007	0.000035	0.000037	0.000026
67	F	O	0.999643	0.000000	0.000000	0.000000	0.000000	0.000023	0.000011	0.000017	0.000000	0.000089	0.000110	0.000000	0.000000	0.000009	0.000010	0.000015	0.000043	0.000038
68	V	O	0.999672	0.000000	0.000000	0.000000	0.000000	0.000015	0.000015	0.000000	0.000000	0.000060	0.000137	0.000000	0.000000	0.000008	0.000013	0.000000	0.000031	0.000049
69	V	O	0.999772	0.000000	0.000000	0.000000	0.000000	0.000000	0.000022	0.000000	0.000000	0.000000	0.000134	0.000000	0.000000	0.000000	0.000024	0.000000	0.000000	0.000051
70	I	O	0.999997	0.000000	0.000000	0.000000	0.000000	0.000000	0.000000	0.000000	0.000000	0.000000	0.000000	0.000000	0.000000	0.000000	0.000000	0.000000	0.000000	0.000000
