# Name=tournament_wt_297
# pos	aa	label	Other	Sec/SPI n	Sec/SPI h	Sec/SPI c	Sec/SPII n	Sec/SPII h	Sec/SPII cys	Tat/SPI n	Tat/SPI RR	Tat/SPI h	Tat/SPI c	Tat/SPII n	Tat/SPII RR	Tat/SPII h	Tat/SPII cys	Sec/SPIII P	Sec/SPIII cons.	Sec/SPIII h
1	A	O	0.987770	0.011785	0.000000	0.000000	0.000365	0.000000	0.000000	0.000003	0.000000	0.000000	0.000000	0.000000	0.000000	0.000000	0.000000	0.000071	0.000000	0.000000
2	L	O	0.987773	0.007824	0.003961	0.000000	0.000250	0.000115	0.000000	0.000002	0.000000	0.000001	0.000000	0.000000	0.000000	0.000000	0.000000	0.000055	0.000016	0.000000
3	L	O	0.987777	0.005904	0.005042	0.000839	0.000181	0.000184	0.000000	0.000002	0.000000	0.000001	0.000000	0.000000	0.000000	0.000000	0.000000	0.000045	0.000015	0.000011
4	E	O	0.987808	0.004781	0.004725	0.002264	0.000138	0.000206	0.000021	0.000001	0.000000	0.000001	0.000001	0.000000	0.000000	0.000000	0.000000	0.000037	0.000012	0.000013
5	A	O	0.987889	0.003794	0.004457	0.003471	0.000105	0.000197	0.000042	0.000001	0.000000	0.000001	0.000001	0.000000	0.000000	0.000000	0.000000	0.000031	0.000009	0.000011
6	A	O	0.988018	0.003026	0.003924	0.004694	0.000081	0.000178	0.000043	0.000001	0.000000	0.000001	0.000001	0.000000	0.000000	0.000000	0.000000	0.000026	0.000008	0.000009
7	R	O	0.988179	0.002387	0.003358	0.005791	0.000062	0.000150	0.000047	0.000001	0.000000	0.000001	0.000001	0.000000	0.000000	0.000000	0.000000	0.000022	0.000007	0.000007
8	G	O	0.988369	0.001839	0.002815	0.006742	0.000047	0.000128	0.000038	0.000000	0.000000	0.000001	0.000001	0.000000	0.000000	0.000000	0.000000	0.000019	0.000005	0.000006
9	P	O	0.988625	0.001414	0.002342	0.007421	0.000035	0.000106	0.000034	0.000000	0.000000	0.000000	0.000001	0.000000	0.000000	0.000000	0.000000	0.000016	0.000005	0.000005
10	Y	O	0.988933	0.001085	0.001884	0.007941	0.000025	0.000088	0.000028	0.000000	0.000000	0.000000	0.000001	0.000000	0.000000	0.000000	0.000000	0.000013	0.000004	0.000004
11	A	O	0.989300	0.000867	0.001369	0.008340	0.000018	0.000073	0.000022	0.000000	0.000000	0.000000	0.000001	0.000000	0.000000	0.000000	0.000000	0.000011	0.000003	0.000004
12	T	O	0.989895	0.000693	0.001073	0.008239	0.000013	0.000056	0.000022	0.000000	0.000000	0.000000	0.000001	0.000000	0.000000	0.000000	0.000000	0.000009	0.000003	0.000003
13	A	O	0.990735	0.000541	0.000900	0.007753	0.000010	0.000042	0.000017	0.000000	0.000000	0.000000	0.000001	0.000000	0.000000	0.000000	0.000000	0.000007	0.000002	0.000003
14	S	O	0.991804	0.000412	0.000789	0.006942	0.000007	0.000031	0.000014	0.000000	0.000000	0.000000	0.000000	0.000000	0.000000	0.000000	0.000000	0.000006	0.000002	0.000002
15	T	O	0.992790	0.000299	0.000691	0.006179	0.000005	0.000025	0.000009	0.000000	0.000000	0.000000	0.000000	0.000000	0.000000	0.000000	0.000000	0.000005	0.000002	0.000002
16	T	O	0.993608	0.000212	0.000573	0.005576	0.000003	0.000020	0.000006	0.000000	0.000000	0.000000	0.000000	0.000000	0.000000	0.000000	0.000000	0.000004	0.000002	0.000002
17	V	O	0.994357	0.000148	0.000447	0.005027	0.000002	0.000015	0.000006	0.000000	0.000000	0.000000	0.000000	0.000000	0.000000	0.000000	0.000000	0.000003	0.000001	0.000002
18	P	O	0.995139	0.000108	0.000315	0.004419	0.000001	0.000011	0.000005	0.000000	0.000000	0.000000	0.000000	0.000000	0.000000	0.000000	0.000000	0.000002	0.000001	0.000001
19	R	O	0.996068	0.000080	0.000227	0.003612	0.000001	0.000007	0.000004	0.000000	0.000000	0.000000	0.000000	0.000000	0.000000	0.000000	0.000000	0.000002	0.000001	0.000001
20	S	O	0.996928	0.000060	0.000160	0.002844	0.000001	0.000005	0.000003	0.000000	0.000000	0.000000	0.000000	0.000000	0.000000	0.000000	0.000000	0.000001	0.000001	0.000001
21	S	O	0.997696	0.000045	0.000115	0.002138	0.000000	0.000003	0.000002	0.000000	0.000000	0.000000	0.000000	0.000000	0.000000	0.000000	0.000000	0.000001	0.000000	0.000001
22	V	O	0.998316	0.000034	0.000085	0.001568	0.000000	0.000002	0.000001	0.000000	0.000000	0.000000	0.000000	0.000000	0.000000	0.000000	0.000000	0.000001	0.000000	0.000000
23	S	O	0.998754	0.000026	0.000058	0.001164	0.000000	0.000001	0.000001	0.000000	0.000000	0.000000	0.000000	0.000000	0.000000	0.000000	0.000000	0.000000	0.000000	0.000000
24	D	O	0.999120	0.000021	0.000041	0.000821	0.000000	0.000001	0.000001	0.000000	0.000000	0.000000	0.000000	0.000000	0.000000	0.000000	0.000000	0.000000	0.000000	0.000000
25	F	O	0.999402	0.000017	0.000030	0.000557	0.000000	0.000001	0.000000	0.000000	0.000000	0.000000	0.000000	0.000000	0.000000	0.000000	0.000000	0.000000	0.000000	0.000000
26	G	O	0.999597	0.000014	0.000022	0.000378	0.000000	0.000000	0.000000	0.000000	0.000000	0.000000	0.000000	0.000000	0.000000	0.000000	0.000000	0.000000	0.000000	0.000000
27	G	O	0.999748	0.000011	0.000019	0.000228	0.000000	0.000000	0.000000	0.000000	0.000000	0.000000	0.000000	0.000000	0.000000	0.000000	0.000000	0.000000	0.000000	0.000000
28	A	O	0.999849	0.000009	0.000017	0.000138	0.000000	0.000000	0.000000	0.000000	0.000000	0.000000	0.000000	0.000000	0.000000	0.000000	0.000000	0.000000	0.000000	0.000000
29	T	O	0.999902	0.000007	0.000015	0.000089	0.000000	0.000000	0.000000	0.000000	0.000000	0.000000	0.000000	0.000000	0.000000	0.000000	0.000000	0.000000	0.000000	0.000000
30	I	O	0.999931	0.000006	0.000013	0.000063	0.000000	0.000000	0.000000	0.000000	0.000000	0.000000	0.000000	0.000000	0.000000	0.000000	0.000000	0.000000	0.000000	0.000000
31	Y	O	0.999943	0.000004	0.000011	0.000049	0.000000	0.000000	0.000000	0.000000	0.000000	0.000000	0.000000	0.000000	0.000000	0.000000	0.000000	0.000000	0.000000	0.000000
32	Y	O	0.999958	0.000003	0.000009	0.000041	0.000000	0.000000	0.000000	0.000000	0.000000	0.000000	0.000000	0.000000	0.000000	0.000000	0.000000	0.000000	0.000000	0.000000
33	P	O	0.999962	0.000003	0.000007	0.000036	0.000000	0.000000	0.000000	0.000000	0.000000	0.000000	0.000000	0.000000	0.000000	0.000000	0.000000	0.000000	0.000000	0.000000
34	T	O	0.999967	0.000002	0.000006	0.000032	0.000000	0.000000	0.000000	0.000000	0.000000	0.000000	0.000000	0.000000	0.000000	0.000000	0.000000	0.000000	0.000000	0.000000
35	S	O	0.999974	0.000002	0.000004	0.000030	0.000000	0.000000	0.000000	0.000000	0.000000	0.000000	0.000000	0.000000	0.000000	0.000000	0.000000	0.000000	0.000000	0.000000
36	T	O	0.999982	0.000001	0.000002	0.000028	0.000000	0.000000	0.000000	0.000000	0.000000	0.000000	0.000000	0.000000	0.000000	0.000000	0.000000	0.000000	0.000000	0.000000
37	A	O	0.999981	0.000001	0.000002	0.000025	0.000000	0.000000	0.000000	0.000000	0.000000	0.000000	0.000000	0.000000	0.000000	0.000000	0.000000	0.000000	0.000000	0.000000
38	D	O	0.999988	0.000001	0.000001	0.000020	0.000000	0.000000	0.000000	0.000000	0.000000	0.000000	0.000000	0.000000	0.000000	0.000000	0.000000	0.000000	0.000000	0.000000
39	G	O	0.999989	0.000001	0.000001	0.000016	0.000000	0.000000	0.000000	0.000000	0.000000	0.000000	0.000000	0.000000	0.000000	0.000000	0.000000	0.000000	0.000000	0.000000
40	T	O	0.999995	0.000001	0.000001	0.000012	0.000000	0.000000	0.000000	0.000000	0.000000	0.000000	0.000000	0.000000	0.000000	0.000000	0.000000	0.000000	0.000000	0.000000
41	F	O	1.000001	0.000001	0.000001	0.000009	0.000000	0.000000	0.000000	0.000000	0.000000	0.000000	0.000000	0.000000	0.000000	0.000000	0.000000	0.000000	0.000000	0.000000
42	G	O	0.999998	0.000001	0.000001	0.000007	0.000000	0.000000	0.000000	0.000000	0.000000	0.000000	0.000000	0.000000	0.000000	0.000000	0.000000	0.000001	0.000000	0.000000
43	G	O	1.000004	0.000001	0.000001	0.000006	0.000000	0.000000	0.000000	0.000000	0.000000	0.000000	0.000000	0.000000	0.000000	0.000000	0.000000	0.000001	0.000000	0.000000
44	V	O	1.000008	0.000000	0.000001	0.000005	0.000000	0.000000	0.000000	0.000001	0.000000	0.000000	0.000000	0.000000	0.000000	0.000000	0.000000	0.000001	0.000000	0.000000
45	A	O	1.000008	0.000000	0.000000	0.000004	0.000000	0.000001	0.000000	0.000001	0.000000	0.000000	0.000000	0.000000	0.000000	0.000000	0.000000	0.000001	0.000000	0.000000
46	I	O	1.000005	0.000000	0.000000	0.000004	0.000001	0.000001	0.000000	0.000001	0.000000	0.000001	0.000000	0.000000	0.000000	0.000000	0.000000	0.000001	0.000001	0.000001
47	S	O	1.000006	0.000000	0.000000	0.000003	0.000001	0.000001	0.000000	0.000002	0.000000	0.000001	0.000001	0.000000	0.000000	0.000000	0.000000	0.000002	0.000001	0.000001
48	P	O	0.999999	0.000000	0.000000	0.000003	0.000001	0.000001	0.000000	0.000002	0.000000	0.000001	0.000001	0.000000	0.000000	0.000000	0.000000	0.000003	0.000001	0.000001
49	G	O	0.999997	0.000000	0.000000	0.000003	0.000001	0.000001	0.000000	0.000003	0.000000	0.000002	0.000001	0.000000	0.000000	0.000000	0.000000	0.000003	0.000001	0.000001
50	Y	O	0.999990	0.000000	0.000000	0.000002	0.000002	0.000001	0.000001	0.000004	0.000001	0.000002	0.000002	0.000000	0.000000	0.000000	0.000000	0.000004	0.000001	0.000001
51	T	O	0.999987	0.000000	0.000000	0.000002	0.000002	0.000002	0.000001	0.000006	0.000001	0.000003	0.000003	0.000000	0.000000	0.000000	0.000000	0.000006	0.000001	0.000001
52	G	O	0.999974	0.000000	0.000000	0.000002	0.000003	0.000002	0.000001	0.000008	0.000001	0.000004	0.000004	0.000000	0.000000	0.000000	0.000000	0.000007	0.000002	0.000002
53	T	O	0.999969	0.000000	0.000000	0.000002	0.000003	0.000003	0.000001	0.000011	0.000001	0.000005	0.000006	0.000000	0.000000	0.000000	0.000000	0.000009	0.000002	0.000002
54	Q	O	0.999956	0.000000	0.000000	0.000002	0.000004	0.000004	0.000001	0.000013	0.000002	0.000007	0.000008	0.000000	0.000000	0.000000	0.000000	0.000011	0.000003	0.000003
55	A	O	0.999940	0.000000	0.000000	0.000002	0.000004	0.000005	0.000001	0.000017	0.000002	0.000009	0.000009	0.000000	0.000000	0.000001	0.000001	0.000013	0.000004	0.000004
56	S	O	0.999924	0.000000	0.000000	0.000001	0.000005	0.000006	0.000002	0.000021	0.000003	0.000012	0.000012	0.000001	0.000000	0.000001	0.000001	0.000015	0.000005	0.000005
57	V	O	0.999912	0.000000	0.000000	0.000001	0.000005	0.000007	0.000002	0.000025	0.000003	0.000015	0.000015	0.000001	0.000000	0.000001	0.000001	0.000017	0.000006	0.000005
58	A	O	0.999896	0.000000	0.000000	0.000001	0.000006	0.000008	0.000002	0.000029	0.000004	0.000019	0.000019	0.000001	0.000000	0.000001	0.000001	0.000019	0.000006	0.000007
59	W	O	0.999875	0.000000	0.000000	0.000001	0.000006	0.000009	0.000003	0.000035	0.000004	0.000024	0.000022	0.000001	0.000000	0.000002	0.000001	0.000020	0.000008	0.000007
60	L	O	0.999850	0.000000	0.000000	0.000001	0.000006	0.000010	0.000003	0.000037	0.000005	0.000031	0.000027	0.000001	0.000000	0.000002	0.000002	0.000022	0.000009	0.000008
61	G	O	0.999818	0.000000	0.000000	0.000001	0.000007	0.000011	0.000003	0.000043	0.000005	0.000035	0.000039	0.000001	0.000000	0.000002	0.000002	0.000026	0.000009	0.000010
62	P	O	0.999782	0.000000	0.000000	0.000000	0.000007	0.000012	0.000004	0.000048	0.000006	0.000040	0.000052	0.000001	0.000000	0.000003	0.000003	0.000031	0.000010	0.000011
63	R	O	0.999742	0.000000	0.000000	0.000000	0.000008	0.000014	0.000005	0.000052	0.000008	0.000048	0.000067	0.000001	0.000000	0.000004	0.000004	0.000036	0.000012	0.000012
64	L	O	0.999695	0.000000	0.000000	0.000000	0.000006	0.000017	0.000005	0.000056	0.000005	0.000063	0.000082	0.000001	0.000000	0.000005	0.000005	0.000037	0.000018	0.000015
65	A	O	0.999654	0.000000	0.000000	0.000000	0.000004	0.000020	0.000005	0.000048	0.000003	0.000076	0.000112	0.000001	0.000000	0.000006	0.000007	0.000036	0.000022	0.000020
66	S	O	0.999623	0.000000	0.000000	0.000000	0.000002	0.000020	0.000008	0.000032	0.000001	0.000080	0.000147	0.000001	0.000000	0.000008	0.000009	0.000029	0.000028	0.000026
67	H	O	0.999628	0.000000	0.000000	0.000000	0.000000	0.000016	0.000012	0.000011	0.000000	0.000070	0.000175	0.000000	0.000000	0.000008	0.000012	0.000014	0.000032	0.000033
68	G	O	0.999672	0.000000	0.000000	0.000000	0.000000	0.000010	0.000012	0.000000	0.000000	0.000032	0.000189	0.000000	0.000000	0.000007	0.000014	0.000000	0.000024	0.000041
69	F	O	0.999808	0.000000	0.000000	0.000000	0.000000	0.000000	0.000016	0.000000	0.000000	0.000000	0.000115	0.000000	0.000000	0.000000	0.000022	0.000000	0.000000	0.000040
70	V	O	1.000000	0.000000	0.000000	0.000000	0.000000	0.000000	0.000000	0.000000	0.000000	0.000000	0.000000	0.000000	0.000000	0.000000	0.000000	0.000000	0.000000	0.000000
