# Name=tournament_wt_74
# pos	aa	label	Other	Sec/SPI n	Sec/SPI h	Sec/SPI c	Sec/SPII n	Sec/SPII h	Sec/SPII cys	Tat/SPI n	Tat/SPI RR	Tat/SPI h	Tat/SPI c	Tat/SPII n	Tat/SPII RR	Tat/SPII h	Tat/SPII cys	Sec/SPIII P	Sec/SPIII cons.	Sec/SPIII h
1	T	O	0.998389	0.001460	0.000000	0.000000	0.000158	0.000000	0.000000	0.000000	0.000000	0.000000	0.000000	0.000000	0.000000	0.000000	0.000000	0.000005	0.000000	0.000000
2	G	O	0.998382	0.001327	0.000133	0.000000	0.000146	0.000012	0.000000	0.000000	0.000000	0.000000	0.000000	0.000000	0.000000	0.000000	0.000000	0.000005	0.000000	0.000000
3	N	O	0.998383	0.001212	0.000225	0.000023	0.000135	0.000024	0.000000	0.000000	0.000000	0.000000	0.000000	0.000000	0.000000	0.000000	0.000000	0.000004	0.000001	0.000000
4	G	O	0.998387	0.001081	0.000331	0.000045	0.000122	0.000034	0.000002	0.000000	0.000000	0.000000	0.000000	0.000000	0.000000	0.000000	0.000000	0.000004	0.000001	0.000000
5	S	O	0.998397	0.000941	0.000445	0.000060	0.000109	0.000044	0.000003	0.000000	0.000000	0.000000	0.000000	0.000000	0.000000	0.000000	0.000000	0.000004	0.000001	0.000000
6	F	O	0.998415	0.000789	0.000572	0.000073	0.000096	0.000054	0.000004	0.000000	0.000000	0.000000	0.000000	0.000000	0.000000	0.000000	0.000000	0.000003	0.000001	0.000000
7	S	O	0.998435	0.000668	0.000659	0.000091	0.000083	0.000063	0.000003	0.000000	0.000000	0.000000	0.000000	0.000000	0.000000	0.000000	0.000000	0.000003	0.000001	0.000000
8	V	O	0.998463	0.000536	0.000767	0.000090	0.000070	0.000072	0.000005	0.000000	0.000000	0.000000	0.000000	0.000000	0.000000	0.000000	0.000000	0.000002	0.000001	0.000000
9	S	O	0.998487	0.000451	0.000814	0.000106	0.000059	0.000079	0.000004	0.000000	0.000000	0.000000	0.000000	0.000000	0.000000	0.000000	0.000000	0.000002	0.000001	0.000000
10	T	O	0.998522	0.000366	0.000870	0.000106	0.000049	0.000085	0.000004	0.000000	0.000000	0.000000	0.000000	0.000000	0.000000	0.000000	0.000000	0.000002	0.000001	0.000000
11	Y	O	0.998557	0.000289	0.000919	0.000105	0.000039	0.000090	0.000005	0.000000	0.000000	0.000000	0.000000	0.000000	0.000000	0.000000	0.000000	0.000002	0.000001	0.000000
12	N	O	0.998588	0.000230	0.000940	0.000118	0.000029	0.000094	0.000005	0.000000	0.000000	0.000000	0.000000	0.000000	0.000000	0.000000	0.000000	0.000001	0.000000	0.000000
13	I	O	0.998620	0.000171	0.000967	0.000118	0.000021	0.000097	0.000006	0.000000	0.000000	0.000000	0.000000	0.000000	0.000000	0.000000	0.000000	0.000001	0.000001	0.000000
14	S	O	0.998652	0.000130	0.000959	0.000145	0.000015	0.000098	0.000005	0.000000	0.000000	0.000000	0.000000	0.000000	0.000000	0.000000	0.000000	0.000001	0.000000	0.000000
15	S	O	0.998681	0.000095	0.000944	0.000165	0.000010	0.000096	0.000006	0.000000	0.000000	0.000000	0.000000	0.000000	0.000000	0.000000	0.000000	0.000001	0.000000	0.000000
16	L	O	0.998734	0.000068	0.000922	0.000176	0.000006	0.000093	0.000007	0.000000	0.000000	0.000000	0.000000	0.000000	0.000000	0.000000	0.000000	0.000000	0.000000	0.000000
17	V	O	0.998773	0.000052	0.000856	0.000229	0.000004	0.000088	0.000007	0.000000	0.000000	0.000000	0.000000	0.000000	0.000000	0.000000	0.000000	0.000000	0.000000	0.000000
18	S	O	0.998805	0.000043	0.000746	0.000318	0.000003	0.000081	0.000009	0.000000	0.000000	0.000000	0.000000	0.000000	0.000000	0.000000	0.000000	0.000000	0.000000	0.000000
19	G	O	0.998866	0.000035	0.000652	0.000369	0.000002	0.000070	0.000012	0.000000	0.000000	0.000000	0.000000	0.000000	0.000000	0.000000	0.000000	0.000000	0.000000	0.000000
20	F	O	0.998949	0.000029	0.000580	0.000374	0.000001	0.000056	0.000015	0.000000	0.000000	0.000000	0.000000	0.000000	0.000000	0.000000	0.000000	0.000000	0.000000	0.000000
21	G	O	0.999028	0.000025	0.000490	0.000401	0.000001	0.000044	0.000012	0.000000	0.000000	0.000000	0.000000	0.000000	0.000000	0.000000	0.000000	0.000000	0.000000	0.000000
22	G	O	0.999122	0.000022	0.000420	0.000392	0.000000	0.000031	0.000013	0.000000	0.000000	0.000000	0.000000	0.000000	0.000000	0.000000	0.000000	0.000000	0.000000	0.000000
23	G	O	0.999211	0.000019	0.000368	0.000366	0.000000	0.000021	0.000011	0.000000	0.000000	0.000000	0.000000	0.000000	0.000000	0.000000	0.000000	0.000000	0.000000	0.000000
24	V	O	0.999299	0.000017	0.000326	0.000337	0.000000	0.000013	0.000008	0.000000	0.000000	0.000000	0.000000	0.000000	0.000000	0.000000	0.000000	0.000000	0.000000	0.000000
25	A	O	0.999362	0.000014	0.000277	0.000334	0.000000	0.000010	0.000003	0.000000	0.000000	0.000000	0.000000	0.000000	0.000000	0.000000	0.000000	0.000000	0.000000	0.000000
26	Y	O	0.999409	0.000012	0.000233	0.000340	0.000000	0.000007	0.000003	0.000000	0.000000	0.000000	0.000000	0.000000	0.000000	0.000000	0.000000	0.000000	0.000000	0.000000
27	Y	O	0.999441	0.000011	0.000186	0.000356	0.000000	0.000004	0.000002	0.000000	0.000000	0.000000	0.000000	0.000000	0.000000	0.000000	0.000000	0.000000	0.000000	0.000000
28	P	O	0.999470	0.000009	0.000138	0.000381	0.000000	0.000003	0.000002	0.000000	0.000000	0.000000	0.000000	0.000000	0.000000	0.000000	0.000000	0.000000	0.000000	0.000000
29	S	O	0.999492	0.000008	0.000103	0.000391	0.000000	0.000002	0.000001	0.000000	0.000000	0.000000	0.000000	0.000000	0.000000	0.000000	0.000000	0.000000	0.000000	0.000000
30	T	O	0.999521	0.000007	0.000074	0.000399	0.000000	0.000001	0.000001	0.000000	0.000000	0.000000	0.000000	0.000000	0.000000	0.000000	0.000000	0.000000	0.000000	0.000000
31	A	O	0.999544	0.000007	0.000054	0.000395	0.000000	0.000001	0.000001	0.000000	0.000000	0.000000	0.000000	0.000000	0.000000	0.000000	0.000000	0.000000	0.000000	0.000000
32	G	O	0.999572	0.000006	0.000040	0.000379	0.000000	0.000000	0.000000	0.000000	0.000000	0.000000	0.000000	0.000000	0.000000	0.000000	0.000000	0.000000	0.000000	0.000000
33	R	O	0.999609	0.000005	0.000032	0.000354	0.000000	0.000000	0.000000	0.000000	0.000000	0.000000	0.000000	0.000000	0.000000	0.000000	0.000000	0.000000	0.000000	0.000000
34	Y	O	0.999634	0.000004	0.000026	0.000334	0.000000	0.000000	0.000000	0.000000	0.000000	0.000000	0.000000	0.000000	0.000000	0.000000	0.000000	0.000000	0.000000	0.000000
35	P	O	0.999654	0.000004	0.000021	0.000321	0.000000	0.000000	0.000000	0.000000	0.000000	0.000000	0.000000	0.000000	0.000000	0.000000	0.000000	0.000000	0.000000	0.000000
36	V	O	0.999673	0.000003	0.000018	0.000307	0.000000	0.000000	0.000000	0.000000	0.000000	0.000000	0.000000	0.000000	0.000000	0.000000	0.000000	0.000000	0.000000	0.000000
37	V	O	0.999688	0.000003	0.000014	0.000297	0.000000	0.000000	0.000000	0.000000	0.000000	0.000000	0.000000	0.000000	0.000000	0.000000	0.000000	0.000000	0.000000	0.000000
38	A	O	0.999702	0.000002	0.000011	0.000284	0.000000	0.000000	0.000000	0.000000	0.000000	0.000000	0.000000	0.000000	0.000000	0.000000	0.000000	0.000000	0.000000	0.000000
39	V	O	0.999724	0.000002	0.000009	0.000269	0.000000	0.000000	0.000000	0.000000	0.000000	0.000000	0.000000	0.000000	0.000000	0.000000	0.000000	0.000000	0.000000	0.000000
40	S	O	0.999731	0.000001	0.000007	0.000258	0.000000	0.000000	0.000000	0.000000	0.000000	0.000000	0.000000	0.000000	0.000000	0.000000	0.000000	0.000000	0.000000	0.000000
41	P	O	0.999745	0.000001	0.000005	0.000247	0.000000	0.000000	0.000000	0.000000	0.000000	0.000000	0.000000	0.000000	0.000000	0.000000	0.000000	0.000000	0.000000	0.000000
42	G	O	0.999760	0.000001	0.000004	0.000236	0.000000	0.000000	0.000000	0.000000	0.000000	0.000000	0.000000	0.000000	0.000000	0.000000	0.000000	0.000000	0.000000	0.000000
43	F	O	0.999772	0.000001	0.000003	0.000227	0.000000	0.000000	0.000000	0.000000	0.000000	0.000000	0.000000	0.000000	0.000000	0.000000	0.000000	0.000000	0.000000	0.000000
44	T	O	0.999779	0.000001	0.000002	0.000217	0.000000	0.000000	0.000000	0.000000	0.000000	0.000000	0.000000	0.000000	0.000000	0.000000	0.000000	0.000000	0.000000	0.000000
45	A	O	0.999795	0.000001	0.000001	0.000203	0.000000	0.000000	0.000000	0.000000	0.000000	0.000000	0.000000	0.000000	0.000000	0.000000	0.000000	0.000000	0.000000	0.000000
46	R	O	0.999809	0.000001	0.000001	0.000188	0.000000	0.000000	0.000000	0.000000	0.000000	0.000000	0.000000	0.000000	0.000000	0.000000	0.000000	0.000000	0.000000	0.000000
47	W	O	0.999833	0.000001	0.000001	0.000168	0.000000	0.000000	0.000000	0.000000	0.000000	0.000000	0.000000	0.000000	0.000000	0.000000	0.000000	0.000000	0.000000	0.000000
48	S	O	0.999845	0.000000	0.000001	0.000151	0.000000	0.000000	0.000000	0.000000	0.000000	0.000000	0.000000	0.000000	0.000000	0.000000	0.000000	0.000000	0.000000	0.000000
49	S	O	0.999865	0.000000	0.000001	0.000134	0.000000	0.000000	0.000000	0.000000	0.000000	0.000000	0.000000	0.000000	0.000000	0.000000	0.000000	0.000000	0.000000	0.000000
50	I	O	0.999877	0.000000	0.000000	0.000118	0.000000	0.000000	0.000000	0.000000	0.000000	0.000000	0.000000	0.000000	0.000000	0.000000	0.000000	0.000000	0.000000	0.000000
51	S	O	0.999892	0.000000	0.000000	0.000105	0.000000	0.000000	0.000000	0.000000	0.000000	0.000000	0.000000	0.000000	0.000000	0.000000	0.000000	0.000000	0.000000	0.000000
52	W	O	0.999904	0.000000	0.000000	0.000090	0.000000	0.000000	0.000000	0.000000	0.000000	0.000000	0.000000	0.000000	0.000000	0.000000	0.000000	0.000001	0.000000	0.000000
53	I	O	0.999916	0.000000	0.000000	0.000077	0.000001	0.000000	0.000000	0.000000	0.000000	0.000000	0.000000	0.000000	0.000000	0.000000	0.000000	0.000001	0.000000	0.000000
54	G	O	0.999926	0.000000	0.000000	0.000067	0.000001	0.000000	0.000000	0.000001	0.000000	0.000000	0.000000	0.000000	0.000000	0.000000	0.000000	0.000001	0.000000	0.000000
55	P	O	0.999939	0.000000	0.000000	0.000058	0.000001	0.000000	0.000000	0.000001	0.000000	0.000000	0.000000	0.000000	0.000000	0.000000	0.000000	0.000001	0.000000	0.000000
56	R	O	0.999943	0.000000	0.000000	0.000051	0.000001	0.000001	0.000000	0.000001	0.000000	0.000000	0.000000	0.000000	0.000000	0.000000	0.000000	0.000001	0.000000	0.000000
57	L	O	0.999950	0.000000	0.000000	0.000043	0.000001	0.000001	0.000000	0.000002	0.000000	0.000001	0.000001	0.000000	0.000000	0.000000	0.000000	0.000002	0.000000	0.000000
58	A	O	0.999954	0.000000	0.000000	0.000036	0.000002	0.000001	0.000000	0.000002	0.000000	0.000001	0.000001	0.000000	0.000000	0.000000	0.000000	0.000002	0.000000	0.000000
59	S	O	0.999957	0.000000	0.000000	0.000028	0.000002	0.000002	0.000000	0.000003	0.000000	0.000001	0.000001	0.000000	0.000000	0.000000	0.000000	0.000003	0.000001	0.000000
60	W	O	0.999965	0.000000	0.000000	0.000020	0.000002	0.000002	0.000000	0.000004	0.000001	0.000002	0.000001	0.000000	0.000000	0.000000	0.000000	0.000003	0.000001	0.000001
61	G	O	0.999961	0.000000	0.000000	0.000014	0.000002	0.000003	0.000000	0.000005	0.000001	0.000004	0.000001	0.000000	0.000000	0.000000	0.000000	0.000004	0.000001	0.000001
62	F	O	0.999962	0.000000	0.000000	0.000008	0.000002	0.000004	0.000000	0.000005	0.000001	0.000006	0.000002	0.000000	0.000000	0.000001	0.000000	0.000004	0.000002	0.000001
63	V	O	0.999959	0.000000	0.000000	0.000005	0.000001	0.000005	0.000001	0.000005	0.000001	0.000008	0.000003	0.000000	0.000000	0.000001	0.000000	0.000004	0.000003	0.000002
64	V	O	0.999958	0.000000	0.000000	0.000003	0.000001	0.000006	0.000001	0.000005	0.000001	0.000010	0.000005	0.000000	0.000000	0.000001	0.000001	0.000004	0.000004	0.000003
65	V	O	0.999957	0.000000	0.000000	0.000002	0.000000	0.000006	0.000001	0.000004	0.000000	0.000012	0.000007	0.000000	0.000000	0.000001	0.000001	0.000004	0.000005	0.000004
66	G	O	0.999953	0.000000	0.000000	0.000001	0.000000	0.000006	0.000002	0.000004	0.000000	0.000011	0.000012	0.000000	0.000000	0.000002	0.000001	0.000004	0.000005	0.000005
67	I	O	0.999956	0.000000	0.000000	0.000000	0.000000	0.000004	0.000004	0.000001	0.000000	0.000012	0.000012	0.000000	0.000000	0.000001	0.000002	0.000002	0.000006	0.000006
68	E	O	0.999963	0.000000	0.000000	0.000000	0.000000	0.000002	0.000003	0.000000	0.000000	0.000005	0.000020	0.000000	0.000000	0.000001	0.000003	0.000000	0.000004	0.000008
69	T	O	0.999976	0.000000	0.000000	0.000000	0.000000	0.000000	0.000004	0.000000	0.000000	0.000000	0.000017	0.000000	0.000000	0.000000	0.000004	0.000000	0.000000	0.000008
70	N	O	1.000004	0.000000	0.000000	0.000000	0.000000	0.000000	0.000000	0.000000	0.000000	0.000000	0.000000	0.000000	0.000000	0.000000	0.000000	0.000000	0.000000	0.000000
