# Name=tournament_wt_211
# pos	aa	label	Other	Sec/SPI n	Sec/SPI h	Sec/SPI c	Sec/SPII n	Sec/SPII h	Sec/SPII cys	Tat/SPI n	Tat/SPI RR	Tat/SPI h	Tat/SPI c	Tat/SPII n	Tat/SPII RR	Tat/SPII h	Tat/SPII cys	Sec/SPIII P	Sec/SPIII cons.	Sec/SPIII h
1	S	O	0.996110	0.003854	0.000000	0.000000	0.000028	0.000000	0.000000	0.000000	0.000000	0.000000	0.000000	0.000000	0.000000	0.000000	0.000000	0.000009	0.000000	0.000000
2	F	O	0.996115	0.002975	0.000879	0.000000	0.000020	0.000008	0.000000	0.000000	0.000000	0.000000	0.000000	0.000000	0.000000	0.000000	0.000000	0.000007	0.000002	0.000000
3	L	O	0.996119	0.002419	0.001235	0.000199	0.000014	0.000014	0.000000	0.000000	0.000000	0.000000	0.000000	0.000000	0.000000	0.000000	0.000000	0.000005	0.000002	0.000002
4	E	O	0.996154	0.002041	0.001287	0.000498	0.000011	0.000016	0.000002	0.000000	0.000000	0.000000	0.000000	0.000000	0.000000	0.000000	0.000000	0.000004	0.000002	0.000002
5	G	O	0.996222	0.001717	0.001276	0.000765	0.000008	0.000015	0.000004	0.000000	0.000000	0.000000	0.000000	0.000000	0.000000	0.000000	0.000000	0.000003	0.000001	0.000002
6	D	O	0.996330	0.001454	0.001186	0.001016	0.000006	0.000013	0.000004	0.000000	0.000000	0.000000	0.000000	0.000000	0.000000	0.000000	0.000000	0.000003	0.000001	0.000001
7	R	O	0.996455	0.001213	0.001097	0.001221	0.000005	0.000010	0.000004	0.000000	0.000000	0.000000	0.000000	0.000000	0.000000	0.000000	0.000000	0.000002	0.000001	0.000001
8	G	O	0.996607	0.001006	0.000993	0.001385	0.000004	0.000009	0.000003	0.000000	0.000000	0.000000	0.000000	0.000000	0.000000	0.000000	0.000000	0.000002	0.000001	0.000001
9	Q	O	0.996776	0.000830	0.000884	0.001507	0.000003	0.000007	0.000002	0.000000	0.000000	0.000000	0.000000	0.000000	0.000000	0.000000	0.000000	0.000001	0.000001	0.000001
10	H	O	0.996949	0.000679	0.000768	0.001607	0.000002	0.000006	0.000002	0.000000	0.000000	0.000000	0.000000	0.000000	0.000000	0.000000	0.000000	0.000001	0.000000	0.000000
11	R	O	0.997134	0.000557	0.000647	0.001667	0.000002	0.000005	0.000002	0.000000	0.000000	0.000000	0.000000	0.000000	0.000000	0.000000	0.000000	0.000001	0.000000	0.000000
12	V	O	0.997356	0.000450	0.000561	0.001637	0.000001	0.000004	0.000001	0.000000	0.000000	0.000000	0.000000	0.000000	0.000000	0.000000	0.000000	0.000001	0.000000	0.000000
13	A	O	0.997602	0.000367	0.000472	0.001568	0.000001	0.000003	0.000001	0.000000	0.000000	0.000000	0.000000	0.000000	0.000000	0.000000	0.000000	0.000001	0.000000	0.000000
14	T	O	0.997864	0.000297	0.000404	0.001443	0.000001	0.000002	0.000001	0.000000	0.000000	0.000000	0.000000	0.000000	0.000000	0.000000	0.000000	0.000000	0.000000	0.000000
15	S	O	0.998110	0.000238	0.000346	0.001315	0.000001	0.000002	0.000001	0.000000	0.000000	0.000000	0.000000	0.000000	0.000000	0.000000	0.000000	0.000000	0.000000	0.000000
16	N	O	0.998350	0.000188	0.000297	0.001176	0.000000	0.000001	0.000001	0.000000	0.000000	0.000000	0.000000	0.000000	0.000000	0.000000	0.000000	0.000000	0.000000	0.000000
17	V	O	0.998573	0.000143	0.000263	0.001037	0.000000	0.000001	0.000000	0.000000	0.000000	0.000000	0.000000	0.000000	0.000000	0.000000	0.000000	0.000000	0.000000	0.000000
18	S	O	0.998737	0.000108	0.000217	0.000952	0.000000	0.000001	0.000000	0.000000	0.000000	0.000000	0.000000	0.000000	0.000000	0.000000	0.000000	0.000000	0.000000	0.000000
19	S	O	0.998903	0.000081	0.000176	0.000854	0.000000	0.000001	0.000000	0.000000	0.000000	0.000000	0.000000	0.000000	0.000000	0.000000	0.000000	0.000000	0.000000	0.000000
20	W	O	0.999083	0.000059	0.000146	0.000729	0.000000	0.000001	0.000000	0.000000	0.000000	0.000000	0.000000	0.000000	0.000000	0.000000	0.000000	0.000000	0.000000	0.000000
21	V	O	0.999223	0.000043	0.000112	0.000641	0.000000	0.000000	0.000000	0.000000	0.000000	0.000000	0.000000	0.000000	0.000000	0.000000	0.000000	0.000000	0.000000	0.000000
22	S	O	0.999348	0.000033	0.000078	0.000558	0.000000	0.000000	0.000000	0.000000	0.000000	0.000000	0.000000	0.000000	0.000000	0.000000	0.000000	0.000000	0.000000	0.000000
23	G	O	0.999480	0.000027	0.000054	0.000457	0.000000	0.000000	0.000000	0.000000	0.000000	0.000000	0.000000	0.000000	0.000000	0.000000	0.000000	0.000000	0.000000	0.000000
24	F	O	0.999630	0.000022	0.000040	0.000329	0.000000	0.000000	0.000000	0.000000	0.000000	0.000000	0.000000	0.000000	0.000000	0.000000	0.000000	0.000000	0.000000	0.000000
25	G	O	0.999729	0.000018	0.000029	0.000242	0.000000	0.000000	0.000000	0.000000	0.000000	0.000000	0.000000	0.000000	0.000000	0.000000	0.000000	0.000000	0.000000	0.000000
26	G	O	0.999811	0.000015	0.000023	0.000165	0.000000	0.000000	0.000000	0.000000	0.000000	0.000000	0.000000	0.000000	0.000000	0.000000	0.000000	0.000000	0.000000	0.000000
27	G	O	0.999869	0.000012	0.000019	0.000114	0.000000	0.000000	0.000000	0.000000	0.000000	0.000000	0.000000	0.000000	0.000000	0.000000	0.000000	0.000000	0.000000	0.000000
28	T	O	0.999909	0.000010	0.000016	0.000081	0.000000	0.000000	0.000000	0.000000	0.000000	0.000000	0.000000	0.000000	0.000000	0.000000	0.000000	0.000000	0.000000	0.000000
29	I	O	0.999934	0.000008	0.000014	0.000061	0.000000	0.000000	0.000000	0.000000	0.000000	0.000000	0.000000	0.000000	0.000000	0.000000	0.000000	0.000000	0.000000	0.000000
30	H	O	0.999952	0.000006	0.000011	0.000050	0.000000	0.000000	0.000000	0.000000	0.000000	0.000000	0.000000	0.000000	0.000000	0.000000	0.000000	0.000000	0.000000	0.000000
31	Y	O	0.999957	0.000005	0.000008	0.000042	0.000000	0.000000	0.000000	0.000000	0.000000	0.000000	0.000000	0.000000	0.000000	0.000000	0.000000	0.000000	0.000000	0.000000
32	P	O	0.999967	0.000004	0.000006	0.000037	0.000000	0.000000	0.000000	0.000000	0.000000	0.000000	0.000000	0.000000	0.000000	0.000000	0.000000	0.000000	0.000000	0.000000
33	S	O	0.999975	0.000003	0.000005	0.000033	0.000000	0.000000	0.000000	0.000000	0.000000	0.000000	0.000000	0.000000	0.000000	0.000000	0.000000	0.000000	0.000000	0.000000
34	D	O	0.999975	0.000003	0.000003	0.000029	0.000000	0.000000	0.000000	0.000000	0.000000	0.000000	0.000000	0.000000	0.000000	0.000000	0.000000	0.000000	0.000000	0.000000
35	A	O	0.999982	0.000002	0.000003	0.000026	0.000000	0.000000	0.000000	0.000000	0.000000	0.000000	0.000000	0.000000	0.000000	0.000000	0.000000	0.000000	0.000000	0.000000
36	S	O	0.999985	0.000002	0.000002	0.000022	0.000000	0.000000	0.000000	0.000000	0.000000	0.000000	0.000000	0.000000	0.000000	0.000000	0.000000	0.000000	0.000000	0.000000
37	G	O	0.999992	0.000002	0.000002	0.000020	0.000000	0.000000	0.000000	0.000000	0.000000	0.000000	0.000000	0.000000	0.000000	0.000000	0.000000	0.000000	0.000000	0.000000
38	T	O	0.999990	0.000001	0.000001	0.000017	0.000000	0.000000	0.000000	0.000000	0.000000	0.000000	0.000000	0.000000	0.000000	0.000000	0.000000	0.000000	0.000000	0.000000
39	M	O	0.999991	0.000001	0.000001	0.000014	0.000000	0.000000	0.000000	0.000000	0.000000	0.000000	0.000000	0.000000	0.000000	0.000000	0.000000	0.000000	0.000000	0.000000
40	A	O	0.999996	0.000001	0.000001	0.000012	0.000000	0.000000	0.000000	0.000000	0.000000	0.000000	0.000000	0.000000	0.000000	0.000000	0.000000	0.000000	0.000000	0.000000
41	A	O	0.999998	0.000001	0.000001	0.000010	0.000000	0.000000	0.000000	0.000000	0.000000	0.000000	0.000000	0.000000	0.000000	0.000000	0.000000	0.000000	0.000000	0.000000
42	V	O	1.000005	0.000001	0.000001	0.000009	0.000000	0.000000	0.000000	0.000000	0.000000	0.000000	0.000000	0.000000	0.000000	0.000000	0.000000	0.000000	0.000000	0.000000
43	V	O	1.000004	0.000000	0.000001	0.000008	0.000000	0.000000	0.000000	0.000000	0.000000	0.000000	0.000000	0.000000	0.000000	0.000000	0.000000	0.000000	0.000000	0.000000
44	V	O	1.000010	0.000000	0.000001	0.000007	0.000000	0.000000	0.000000	0.000000	0.000000	0.000000	0.000000	0.000000	0.000000	0.000000	0.000000	0.000000	0.000000	0.000000
45	I	O	1.000005	0.000000	0.000001	0.000006	0.000000	0.000000	0.000000	0.000000	0.000000	0.000000	0.000000	0.000000	0.000000	0.000000	0.000000	0.000000	0.000000	0.000000
46	P	O	1.000006	0.000000	0.000001	0.000005	0.000000	0.000000	0.000000	0.000000	0.000000	0.000000	0.000000	0.000000	0.000000	0.000000	0.000000	0.000000	0.000000	0.000000
47	G	O	1.000007	0.000000	0.000000	0.000005	0.000000	0.000000	0.000000	0.000000	0.000000	0.000000	0.000000	0.000000	0.000000	0.000000	0.000000	0.000000	0.000000	0.000000
48	Y	O	1.000006	0.000000	0.000000	0.000005	0.000000	0.000000	0.000000	0.000000	0.000000	0.000000	0.000000	0.000000	0.000000	0.000000	0.000000	0.000000	0.000000	0.000000
49	V	O	1.000004	0.000000	0.000000	0.000004	0.000000	0.000000	0.000000	0.000000	0.000000	0.000000	0.000000	0.000000	0.000000	0.000000	0.000000	0.000000	0.000000	0.000000
50	S	O	1.000005	0.000000	0.000000	0.000004	0.000000	0.000000	0.000000	0.000000	0.000000	0.000000	0.000000	0.000000	0.000000	0.000000	0.000000	0.000000	0.000000	0.000000
51	A	O	1.000005	0.000000	0.000000	0.000003	0.000000	0.000000	0.000000	0.000000	0.000000	0.000000	0.000000	0.000000	0.000000	0.000000	0.000000	0.000000	0.000000	0.000000
52	E	O	1.000005	0.000000	0.000000	0.000002	0.000000	0.000000	0.000000	0.000000	0.000000	0.000000	0.000000	0.000000	0.000000	0.000000	0.000000	0.000000	0.000000	0.000000
53	S	O	1.000008	0.000000	0.000000	0.000001	0.000000	0.000000	0.000000	0.000000	0.000000	0.000000	0.000000	0.000000	0.000000	0.000000	0.000000	0.000000	0.000000	0.000000
54	S	O	1.000008	0.000000	0.000000	0.000001	0.000000	0.000000	0.000000	0.000000	0.000000	0.000000	0.000000	0.000000	0.000000	0.000000	0.000000	0.000001	0.000000	0.000000
55	I	O	1.000006	0.000000	0.000000	0.000001	0.000000	0.000000	0.000000	0.000001	0.000000	0.000000	0.000000	0.000000	0.000000	0.000000	0.000000	0.000001	0.000000	0.000000
56	E	O	1.000005	0.000000	0.000000	0.000000	0.000001	0.000000	0.000000	0.000001	0.000000	0.000000	0.000000	0.000000	0.000000	0.000000	0.000000	0.000001	0.000000	0.000000
57	W	O	1.000003	0.000000	0.000000	0.000000	0.000001	0.000000	0.000000	0.000002	0.000000	0.000001	0.000000	0.000000	0.000000	0.000000	0.000000	0.000002	0.000000	0.000000
58	W	O	1.000002	0.000000	0.000000	0.000000	0.000002	0.000001	0.000000	0.000003	0.000000	0.000001	0.000001	0.000000	0.000000	0.000000	0.000000	0.000002	0.000000	0.000000
59	G	O	0.999998	0.000000	0.000000	0.000000	0.000002	0.000001	0.000000	0.000005	0.000001	0.000002	0.000001	0.000000	0.000000	0.000000	0.000000	0.000004	0.000001	0.000000
60	P	O	0.999991	0.000000	0.000000	0.000000	0.000003	0.000002	0.000000	0.000007	0.000001	0.000002	0.000002	0.000000	0.000000	0.000000	0.000000	0.000006	0.000001	0.000001
61	K	O	0.999976	0.000000	0.000000	0.000000	0.000004	0.000003	0.000000	0.000011	0.000002	0.000004	0.000003	0.000001	0.000000	0.000001	0.000000	0.000008	0.000001	0.000001
62	L	O	0.999959	0.000000	0.000000	0.000000	0.000004	0.000005	0.000000	0.000014	0.000002	0.000008	0.000004	0.000001	0.000000	0.000001	0.000000	0.000010	0.000003	0.000001
63	A	O	0.999944	0.000000	0.000000	0.000000	0.000003	0.000008	0.000001	0.000017	0.000002	0.000014	0.000007	0.000001	0.000000	0.000002	0.000001	0.000011	0.000005	0.000003
64	S	O	0.999925	0.000000	0.000000	0.000000	0.000003	0.000010	0.000001	0.000017	0.000002	0.000020	0.000011	0.000001	0.000000	0.000002	0.000001	0.000011	0.000008	0.000004
65	Y	O	0.999914	0.000000	0.000000	0.000000	0.000001	0.000011	0.000002	0.000012	0.000001	0.000027	0.000015	0.000001	0.000000	0.000003	0.000001	0.000008	0.000010	0.000007
66	G	O	0.999902	0.000000	0.000000	0.000000	0.000000	0.000011	0.000003	0.000008	0.000000	0.000029	0.000022	0.000000	0.000000	0.000004	0.000001	0.000006	0.000011	0.000009
67	F	O	0.999910	0.000000	0.000000	0.000000	0.000000	0.000009	0.000004	0.000003	0.000000	0.000026	0.000026	0.000000	0.000000	0.000004	0.000002	0.000002	0.000010	0.000011
68	V	O	0.999925	0.000000	0.000000	0.000000	0.000000	0.000005	0.000006	0.000000	0.000000	0.000016	0.000032	0.000000	0.000000	0.000003	0.000003	0.000000	0.000007	0.000013
69	V	O	0.999946	0.000000	0.000000	0.000000	0.000000	0.000000	0.000008	0.000000	0.000000	0.000000	0.000032	0.000000	0.000000	0.000000	0.000007	0.000000	0.000000	0.000014
70	L	O	1.000003	0.000000	0.000000	0.000000	0.000000	0.000000	0.000000	0.000000	0.000000	0.000000	0.000000	0.000000	0.000000	0.000000	0.000000	0.000000	0.000000	0.000000
