# Name=tournament_wt_254
# pos	aa	label	Other	Sec/SPI n	Sec/SPI h	Sec/SPI c	Sec/SPII n	Sec/SPII h	Sec/SPII cys	Tat/SPI n	Tat/SPI RR	Tat/SPI h	Tat/SPI c	Tat/SPII n	Tat/SPII RR	Tat/SPII h	Tat/SPII cys	Sec/SPIII P	Sec/SPIII cons.	Sec/SPIII h
1	A	O	0.995508	0.004404	0.000000	0.000000	0.000072	0.000000	0.000000	0.000001	0.000000	0.000000	0.000000	0.000000	0.000000	0.000000	0.000000	0.000005	0.000000	0.000000
2	S	O	0.995505	0.003078	0.001326	0.000000	0.000051	0.000021	0.000000	0.000000	0.000000	0.000000	0.000000	0.000000	0.000000	0.000000	0.000000	0.000004	0.000001	0.000000
3	V	O	0.995503	0.002010	0.002018	0.000377	0.000035	0.000036	0.000000	0.000000	0.000000	0.000000	0.000000	0.000000	0.000000	0.000000	0.000000	0.000004	0.000001	0.000001
4	A	O	0.995534	0.001395	0.001976	0.001004	0.000025	0.000042	0.000005	0.000000	0.000000	0.000000	0.000000	0.000000	0.000000	0.000000	0.000000	0.000003	0.000001	0.000001
5	A	O	0.995636	0.000964	0.001773	0.001541	0.000018	0.000040	0.000009	0.000000	0.000000	0.000000	0.000000	0.000000	0.000000	0.000000	0.000000	0.000002	0.000001	0.000001
6	V	O	0.995833	0.000653	0.001534	0.001903	0.000012	0.000035	0.000010	0.000000	0.000000	0.000000	0.000000	0.000000	0.000000	0.000000	0.000000	0.000002	0.000001	0.000001
7	N	O	0.996022	0.000474	0.001070	0.002367	0.000009	0.000030	0.000009	0.000000	0.000000	0.000000	0.000000	0.000000	0.000000	0.000000	0.000000	0.000002	0.000001	0.000001
8	G	O	0.996279	0.000327	0.000778	0.002560	0.000006	0.000024	0.000009	0.000000	0.000000	0.000000	0.000000	0.000000	0.000000	0.000000	0.000000	0.000001	0.000000	0.000001
9	P	O	0.996615	0.000227	0.000552	0.002558	0.000004	0.000018	0.000007	0.000000	0.000000	0.000000	0.000000	0.000000	0.000000	0.000000	0.000000	0.000001	0.000000	0.000000
10	F	O	0.997011	0.000147	0.000413	0.002391	0.000003	0.000014	0.000006	0.000000	0.000000	0.000000	0.000000	0.000000	0.000000	0.000000	0.000000	0.000001	0.000000	0.000000
11	A	O	0.997416	0.000103	0.000265	0.002184	0.000002	0.000011	0.000004	0.000000	0.000000	0.000000	0.000000	0.000000	0.000000	0.000000	0.000000	0.000001	0.000000	0.000000
12	T	O	0.997983	0.000073	0.000186	0.001734	0.000001	0.000008	0.000004	0.000000	0.000000	0.000000	0.000000	0.000000	0.000000	0.000000	0.000000	0.000000	0.000000	0.000000
13	A	O	0.998535	0.000053	0.000137	0.001252	0.000001	0.000005	0.000003	0.000000	0.000000	0.000000	0.000000	0.000000	0.000000	0.000000	0.000000	0.000000	0.000000	0.000000
14	S	O	0.999061	0.000038	0.000111	0.000770	0.000001	0.000003	0.000002	0.000000	0.000000	0.000000	0.000000	0.000000	0.000000	0.000000	0.000000	0.000000	0.000000	0.000000
15	V	O	0.999383	0.000026	0.000094	0.000479	0.000000	0.000002	0.000001	0.000000	0.000000	0.000000	0.000000	0.000000	0.000000	0.000000	0.000000	0.000000	0.000000	0.000000
16	S	O	0.999541	0.000018	0.000071	0.000356	0.000000	0.000002	0.000001	0.000000	0.000000	0.000000	0.000000	0.000000	0.000000	0.000000	0.000000	0.000000	0.000000	0.000000
17	V	O	0.999642	0.000012	0.000053	0.000278	0.000000	0.000001	0.000001	0.000000	0.000000	0.000000	0.000000	0.000000	0.000000	0.000000	0.000000	0.000000	0.000000	0.000000
18	P	O	0.999713	0.000009	0.000034	0.000231	0.000000	0.000001	0.000000	0.000000	0.000000	0.000000	0.000000	0.000000	0.000000	0.000000	0.000000	0.000000	0.000000	0.000000
19	A	O	0.999786	0.000006	0.000022	0.000179	0.000000	0.000001	0.000000	0.000000	0.000000	0.000000	0.000000	0.000000	0.000000	0.000000	0.000000	0.000000	0.000000	0.000000
20	G	O	0.999837	0.000005	0.000014	0.000134	0.000000	0.000000	0.000000	0.000000	0.000000	0.000000	0.000000	0.000000	0.000000	0.000000	0.000000	0.000000	0.000000	0.000000
21	Y	O	0.999880	0.000004	0.000009	0.000098	0.000000	0.000000	0.000000	0.000000	0.000000	0.000000	0.000000	0.000000	0.000000	0.000000	0.000000	0.000000	0.000000	0.000000
22	G	O	0.999910	0.000003	0.000005	0.000070	0.000000	0.000000	0.000000	0.000000	0.000000	0.000000	0.000000	0.000000	0.000000	0.000000	0.000000	0.000000	0.000000	0.000000
23	F	O	0.999942	0.000002	0.000004	0.000046	0.000000	0.000000	0.000000	0.000000	0.000000	0.000000	0.000000	0.000000	0.000000	0.000000	0.000000	0.000000	0.000000	0.000000
24	G	O	0.999954	0.000002	0.000003	0.000031	0.000000	0.000000	0.000000	0.000000	0.000000	0.000000	0.000000	0.000000	0.000000	0.000000	0.000000	0.000000	0.000000	0.000000
25	G	O	0.999968	0.000002	0.000002	0.000018	0.000000	0.000000	0.000000	0.000000	0.000000	0.000000	0.000000	0.000000	0.000000	0.000000	0.000000	0.000000	0.000000	0.000000
26	G	O	0.999978	0.000001	0.000002	0.000011	0.000000	0.000000	0.000000	0.000000	0.000000	0.000000	0.000000	0.000000	0.000000	0.000000	0.000000	0.000000	0.000000	0.000000
27	M	O	0.999983	0.000001	0.000001	0.000006	0.000000	0.000000	0.000000	0.000000	0.000000	0.000000	0.000000	0.000000	0.000000	0.000000	0.000000	0.000000	0.000000	0.000000
28	I	O	0.999984	0.000001	0.000001	0.000004	0.000000	0.000000	0.000000	0.000000	0.000000	0.000000	0.000000	0.000000	0.000000	0.000000	0.000000	0.000000	0.000000	0.000000
29	Y	O	0.999987	0.000001	0.000001	0.000003	0.000000	0.000000	0.000000	0.000000	0.000000	0.000000	0.000000	0.000000	0.000000	0.000000	0.000000	0.000000	0.000000	0.000000
30	Y	O	0.999993	0.000001	0.000001	0.000002	0.000000	0.000000	0.000000	0.000000	0.000000	0.000000	0.000000	0.000000	0.000000	0.000000	0.000000	0.000000	0.000000	0.000000
31	P	O	0.999989	0.000001	0.000001	0.000002	0.000000	0.000000	0.000000	0.000000	0.000000	0.000000	0.000000	0.000000	0.000000	0.000000	0.000000	0.000000	0.000000	0.000000
32	T	O	0.999989	0.000001	0.000001	0.000002	0.000000	0.000000	0.000000	0.000000	0.000000	0.000000	0.000000	0.000000	0.000000	0.000000	0.000000	0.000000	0.000000	0.000000
33	D	O	0.999995	0.000000	0.000000	0.000002	0.000000	0.000000	0.000000	0.000000	0.000000	0.000000	0.000000	0.000000	0.000000	0.000000	0.000000	0.000000	0.000000	0.000000
34	T	O	0.999991	0.000000	0.000000	0.000001	0.000000	0.000000	0.000000	0.000000	0.000000	0.000000	0.000000	0.000000	0.000000	0.000000	0.000000	0.000000	0.000000	0.000000
35	S	O	0.999993	0.000000	0.000000	0.000001	0.000000	0.000000	0.000000	0.000000	0.000000	0.000000	0.000000	0.000000	0.000000	0.000000	0.000000	0.000000	0.000000	0.000000
36	Q	O	0.999990	0.000000	0.000000	0.000001	0.000000	0.000000	0.000000	0.000000	0.000000	0.000000	0.000000	0.000000	0.000000	0.000000	0.000000	0.000000	0.000000	0.000000
37	G	O	0.999989	0.000000	0.000000	0.000001	0.000000	0.000000	0.000000	0.000000	0.000000	0.000000	0.000000	0.000000	0.000000	0.000000	0.000000	0.000000	0.000000	0.000000
38	T	O	0.999988	0.000000	0.000000	0.000001	0.000000	0.000000	0.000000	0.000000	0.000000	0.000000	0.000000	0.000000	0.000000	0.000000	0.000000	0.000000	0.000000	0.000000
39	F	O	0.999992	0.000000	0.000000	0.000001	0.000000	0.000000	0.000000	0.000000	0.000000	0.000000	0.000000	0.000000	0.000000	0.000000	0.000000	0.000000	0.000000	0.000000
40	G	O	0.999989	0.000000	0.000000	0.000001	0.000000	0.000000	0.000000	0.000000	0.000000	0.000000	0.000000	0.000000	0.000000	0.000000	0.000000	0.000000	0.000000	0.000000
41	G	O	0.999995	0.000000	0.000000	0.000001	0.000000	0.000000	0.000000	0.000000	0.000000	0.000000	0.000000	0.000000	0.000000	0.000000	0.000000	0.000000	0.000000	0.000000
42	I	O	0.999998	0.000000	0.000000	0.000001	0.000000	0.000000	0.000000	0.000000	0.000000	0.000000	0.000000	0.000000	0.000000	0.000000	0.000000	0.000000	0.000000	0.000000
43	A	O	0.999996	0.000000	0.000000	0.000001	0.000000	0.000000	0.000000	0.000000	0.000000	0.000000	0.000000	0.000000	0.000000	0.000000	0.000000	0.000000	0.000000	0.000000
44	I	O	0.999995	0.000000	0.000000	0.000000	0.000000	0.000000	0.000000	0.000000	0.000000	0.000000	0.000000	0.000000	0.000000	0.000000	0.000000	0.000000	0.000000	0.000000
45	S	O	0.999997	0.000000	0.000000	0.000000	0.000001	0.000000	0.000000	0.000001	0.000000	0.000000	0.000000	0.000000	0.000000	0.000000	0.000000	0.000000	0.000000	0.000000
46	P	O	0.999994	0.000000	0.000000	0.000000	0.000001	0.000000	0.000000	0.000001	0.000000	0.000000	0.000000	0.000000	0.000000	0.000000	0.000000	0.000000	0.000000	0.000000
47	G	O	0.999987	0.000000	0.000000	0.000000	0.000001	0.000001	0.000000	0.000002	0.000000	0.000000	0.000000	0.000000	0.000000	0.000000	0.000000	0.000001	0.000000	0.000000
48	Y	O	0.999992	0.000000	0.000000	0.000000	0.000002	0.000001	0.000000	0.000003	0.000001	0.000000	0.000000	0.000000	0.000000	0.000000	0.000000	0.000001	0.000000	0.000000
49	T	O	0.999981	0.000000	0.000000	0.000000	0.000002	0.000002	0.000000	0.000005	0.000001	0.000001	0.000000	0.000001	0.000000	0.000000	0.000000	0.000001	0.000000	0.000000
50	A	O	0.999974	0.000000	0.000000	0.000000	0.000003	0.000002	0.000000	0.000008	0.000001	0.000001	0.000000	0.000001	0.000000	0.000000	0.000000	0.000002	0.000000	0.000000
51	L	O	0.999967	0.000000	0.000000	0.000000	0.000003	0.000003	0.000000	0.000011	0.000002	0.000002	0.000000	0.000001	0.000000	0.000000	0.000000	0.000002	0.000000	0.000000
52	F	O	0.999958	0.000000	0.000000	0.000000	0.000004	0.000004	0.000000	0.000015	0.000003	0.000003	0.000001	0.000001	0.000001	0.000001	0.000000	0.000002	0.000001	0.000000
53	S	O	0.999949	0.000000	0.000000	0.000000	0.000005	0.000005	0.000001	0.000020	0.000004	0.000004	0.000001	0.000002	0.000001	0.000001	0.000000	0.000003	0.000001	0.000001
54	A	O	0.999931	0.000000	0.000000	0.000000	0.000006	0.000006	0.000001	0.000026	0.000005	0.000006	0.000001	0.000002	0.000001	0.000001	0.000000	0.000004	0.000001	0.000001
55	E	O	0.999915	0.000000	0.000000	0.000000	0.000006	0.000008	0.000001	0.000033	0.000007	0.000009	0.000002	0.000002	0.000001	0.000002	0.000000	0.000005	0.000001	0.000001
56	L	O	0.999894	0.000000	0.000000	0.000000	0.000006	0.000010	0.000001	0.000042	0.000008	0.000014	0.000002	0.000003	0.000001	0.000002	0.000000	0.000006	0.000002	0.000001
57	A	O	0.999872	0.000000	0.000000	0.000000	0.000006	0.000013	0.000001	0.000051	0.000010	0.000021	0.000003	0.000003	0.000001	0.000003	0.000001	0.000007	0.000003	0.000001
58	W	O	0.999842	0.000000	0.000000	0.000000	0.000006	0.000014	0.000003	0.000060	0.000010	0.000032	0.000004	0.000003	0.000001	0.000005	0.000001	0.000007	0.000005	0.000002
59	M	O	0.999818	0.000000	0.000000	0.000000	0.000006	0.000016	0.000003	0.000060	0.000014	0.000046	0.000007	0.000003	0.000001	0.000006	0.000001	0.000007	0.000006	0.000003
60	G	O	0.999787	0.000000	0.000000	0.000000	0.000006	0.000019	0.000003	0.000059	0.000019	0.000058	0.000012	0.000003	0.000001	0.000007	0.000001	0.000008	0.000007	0.000004
61	P	O	0.999761	0.000000	0.000000	0.000000	0.000007	0.000019	0.000005	0.000064	0.000018	0.000071	0.000018	0.000004	0.000001	0.000009	0.000002	0.000010	0.000009	0.000005
62	W	O	0.999730	0.000000	0.000000	0.000000	0.000006	0.000022	0.000004	0.000068	0.000010	0.000091	0.000023	0.000003	0.000001	0.000010	0.000002	0.000010	0.000011	0.000006
63	L	O	0.999706	0.000000	0.000000	0.000000	0.000004	0.000026	0.000004	0.000053	0.000008	0.000115	0.000032	0.000003	0.000001	0.000012	0.000002	0.000010	0.000014	0.000008
64	A	O	0.999688	0.000000	0.000000	0.000000	0.000003	0.000028	0.000005	0.000039	0.000006	0.000122	0.000053	0.000002	0.000000	0.000013	0.000004	0.000009	0.000015	0.000011
65	S	O	0.999681	0.000000	0.000000	0.000000	0.000002	0.000027	0.000008	0.000026	0.000003	0.000114	0.000083	0.000001	0.000000	0.000013	0.000004	0.000007	0.000015	0.000015
66	H	O	0.999689	0.000000	0.000000	0.000000	0.000001	0.000021	0.000012	0.000012	0.000001	0.000093	0.000114	0.000000	0.000000	0.000012	0.000005	0.000006	0.000011	0.000018
67	G	O	0.999731	0.000000	0.000000	0.000000	0.000000	0.000017	0.000008	0.000004	0.000000	0.000058	0.000135	0.000000	0.000000	0.000011	0.000004	0.000003	0.000011	0.000016
68	F	O	0.999799	0.000000	0.000000	0.000000	0.000000	0.000008	0.000012	0.000000	0.000000	0.000027	0.000116	0.000000	0.000000	0.000007	0.000008	0.000000	0.000007	0.000018
69	V	O	0.999882	0.000000	0.000000	0.000000	0.000000	0.000000	0.000011	0.000000	0.000000	0.000000	0.000079	0.000000	0.000000	0.000000	0.000010	0.000000	0.000000	0.000015
70	V	O	1.000000	0.000000	0.000000	0.000000	0.000000	0.000000	0.000000	0.000000	0.000000	0.000000	0.000000	0.000000	0.000000	0.000000	0.000000	0.000000	0.000000	0.000000
