# Name=tournament_wt_91
# pos	aa	label	Other	Sec/SPI n	Sec/SPI h	Sec/SPI c	Sec/SPII n	Sec/SPII h	Sec/SPII cys	Tat/SPI n	Tat/SPI RR	Tat/SPI h	Tat/SPI c	Tat/SPII n	Tat/SPII RR	Tat/SPII h	Tat/SPII cys	Sec/SPIII P	Sec/SPIII cons.	Sec/SPIII h
1	S	O	0.996641	0.003225	0.000000	0.000000	0.000121	0.000000	0.000000	0.000002	0.000000	0.000000	0.000000	0.000000	0.000000	0.000000	0.000000	0.000027	0.000000	0.000000
2	I	O	0.996643	0.002160	0.001065	0.000000	0.000081	0.000040	0.000000	0.000001	0.000000	0.000001	0.000000	0.000000	0.000000	0.000000	0.000000	0.000021	0.000007	0.000000
3	L	O	0.996651	0.001555	0.001406	0.000265	0.000056	0.000066	0.000000	0.000001	0.000000	0.000001	0.000000	0.000000	0.000000	0.000000	0.000000	0.000016	0.000007	0.000005
4	D	O	0.996682	0.001210	0.001308	0.000685	0.000040	0.000072	0.000009	0.000001	0.000000	0.000001	0.000000	0.000000	0.000000	0.000000	0.000000	0.000013	0.000005	0.000006
5	A	O	0.996766	0.000927	0.001201	0.001007	0.000029	0.000068	0.000016	0.000000	0.000000	0.000000	0.000001	0.000000	0.000000	0.000000	0.000000	0.000010	0.000004	0.000005
6	T	O	0.996889	0.000717	0.001016	0.001301	0.000021	0.000059	0.000017	0.000000	0.000000	0.000000	0.000001	0.000000	0.000000	0.000000	0.000000	0.000008	0.000003	0.000004
7	R	O	0.997033	0.000554	0.000813	0.001541	0.000016	0.000046	0.000018	0.000000	0.000000	0.000000	0.000001	0.000000	0.000000	0.000000	0.000000	0.000006	0.000003	0.000003
8	G	O	0.997223	0.000426	0.000636	0.001679	0.000011	0.000036	0.000015	0.000000	0.000000	0.000000	0.000000	0.000000	0.000000	0.000000	0.000000	0.000005	0.000002	0.000002
9	P	O	0.997469	0.000327	0.000507	0.001675	0.000008	0.000027	0.000012	0.000000	0.000000	0.000000	0.000000	0.000000	0.000000	0.000000	0.000000	0.000004	0.000002	0.000002
10	Y	O	0.997718	0.000251	0.000393	0.001631	0.000006	0.000021	0.000009	0.000000	0.000000	0.000000	0.000000	0.000000	0.000000	0.000000	0.000000	0.000003	0.000001	0.000001
11	A	O	0.997981	0.000197	0.000290	0.001537	0.000005	0.000016	0.000006	0.000000	0.000000	0.000000	0.000000	0.000000	0.000000	0.000000	0.000000	0.000003	0.000001	0.000001
12	T	O	0.998317	0.000156	0.000230	0.001310	0.000003	0.000012	0.000005	0.000000	0.000000	0.000000	0.000000	0.000000	0.000000	0.000000	0.000000	0.000002	0.000001	0.000001
13	S	O	0.998634	0.000122	0.000189	0.001074	0.000002	0.000009	0.000004	0.000000	0.000000	0.000000	0.000000	0.000000	0.000000	0.000000	0.000000	0.000002	0.000001	0.000001
14	S	O	0.998937	0.000093	0.000166	0.000829	0.000002	0.000007	0.000003	0.000000	0.000000	0.000000	0.000000	0.000000	0.000000	0.000000	0.000000	0.000001	0.000001	0.000001
15	T	O	0.999180	0.000068	0.000150	0.000629	0.000001	0.000006	0.000002	0.000000	0.000000	0.000000	0.000000	0.000000	0.000000	0.000000	0.000000	0.000001	0.000000	0.000001
16	T	O	0.999346	0.000049	0.000129	0.000505	0.000001	0.000004	0.000002	0.000000	0.000000	0.000000	0.000000	0.000000	0.000000	0.000000	0.000000	0.000001	0.000000	0.000000
17	V	O	0.999484	0.000034	0.000108	0.000409	0.000000	0.000004	0.000001	0.000000	0.000000	0.000000	0.000000	0.000000	0.000000	0.000000	0.000000	0.000000	0.000000	0.000000
18	S	O	0.999583	0.000024	0.000082	0.000347	0.000000	0.000003	0.000001	0.000000	0.000000	0.000000	0.000000	0.000000	0.000000	0.000000	0.000000	0.000000	0.000000	0.000000
19	S	O	0.999676	0.000016	0.000062	0.000281	0.000000	0.000002	0.000001	0.000000	0.000000	0.000000	0.000000	0.000000	0.000000	0.000000	0.000000	0.000000	0.000000	0.000000
20	L	O	0.999760	0.000011	0.000048	0.000212	0.000000	0.000001	0.000001	0.000000	0.000000	0.000000	0.000000	0.000000	0.000000	0.000000	0.000000	0.000000	0.000000	0.000000
21	V	O	0.999818	0.000008	0.000033	0.000173	0.000000	0.000001	0.000000	0.000000	0.000000	0.000000	0.000000	0.000000	0.000000	0.000000	0.000000	0.000000	0.000000	0.000000
22	S	O	0.999869	0.000006	0.000020	0.000144	0.000000	0.000001	0.000000	0.000000	0.000000	0.000000	0.000000	0.000000	0.000000	0.000000	0.000000	0.000000	0.000000	0.000000
23	G	O	0.999915	0.000004	0.000012	0.000108	0.000000	0.000000	0.000000	0.000000	0.000000	0.000000	0.000000	0.000000	0.000000	0.000000	0.000000	0.000000	0.000000	0.000000
24	F	O	0.999956	0.000004	0.000008	0.000070	0.000000	0.000000	0.000000	0.000000	0.000000	0.000000	0.000000	0.000000	0.000000	0.000000	0.000000	0.000000	0.000000	0.000000
25	G	O	0.999985	0.000003	0.000005	0.000046	0.000000	0.000000	0.000000	0.000000	0.000000	0.000000	0.000000	0.000000	0.000000	0.000000	0.000000	0.000000	0.000000	0.000000
26	G	O	0.999997	0.000002	0.000004	0.000027	0.000000	0.000000	0.000000	0.000000	0.000000	0.000000	0.000000	0.000000	0.000000	0.000000	0.000000	0.000000	0.000000	0.000000
27	G	O	1.000012	0.000002	0.000003	0.000016	0.000000	0.000000	0.000000	0.000000	0.000000	0.000000	0.000000	0.000000	0.000000	0.000000	0.000000	0.000000	0.000000	0.000000
28	V	O	1.000016	0.000002	0.000003	0.000010	0.000000	0.000000	0.000000	0.000000	0.000000	0.000000	0.000000	0.000000	0.000000	0.000000	0.000000	0.000000	0.000000	0.000000
29	I	O	1.000020	0.000001	0.000002	0.000007	0.000000	0.000000	0.000000	0.000000	0.000000	0.000000	0.000000	0.000000	0.000000	0.000000	0.000000	0.000000	0.000000	0.000000
30	Y	O	1.000023	0.000001	0.000002	0.000005	0.000000	0.000000	0.000000	0.000000	0.000000	0.000000	0.000000	0.000000	0.000000	0.000000	0.000000	0.000000	0.000000	0.000000
31	Y	O	1.000019	0.000001	0.000002	0.000004	0.000000	0.000000	0.000000	0.000000	0.000000	0.000000	0.000000	0.000000	0.000000	0.000000	0.000000	0.000000	0.000000	0.000000
32	P	O	1.000024	0.000001	0.000001	0.000003	0.000000	0.000000	0.000000	0.000000	0.000000	0.000000	0.000000	0.000000	0.000000	0.000000	0.000000	0.000000	0.000000	0.000000
33	T	O	1.000023	0.000001	0.000001	0.000003	0.000000	0.000000	0.000000	0.000000	0.000000	0.000000	0.000000	0.000000	0.000000	0.000000	0.000000	0.000000	0.000000	0.000000
34	T	O	1.000026	0.000001	0.000001	0.000003	0.000000	0.000000	0.000000	0.000000	0.000000	0.000000	0.000000	0.000000	0.000000	0.000000	0.000000	0.000000	0.000000	0.000000
35	T	O	1.000025	0.000001	0.000001	0.000003	0.000000	0.000000	0.000000	0.000000	0.000000	0.000000	0.000000	0.000000	0.000000	0.000000	0.000000	0.000000	0.000000	0.000000
36	S	O	1.000023	0.000001	0.000000	0.000003	0.000000	0.000000	0.000000	0.000000	0.000000	0.000000	0.000000	0.000000	0.000000	0.000000	0.000000	0.000000	0.000000	0.000000
37	D	O	1.000025	0.000000	0.000000	0.000003	0.000000	0.000000	0.000000	0.000000	0.000000	0.000000	0.000000	0.000000	0.000000	0.000000	0.000000	0.000000	0.000000	0.000000
38	G	O	1.000024	0.000000	0.000000	0.000002	0.000000	0.000000	0.000000	0.000000	0.000000	0.000000	0.000000	0.000000	0.000000	0.000000	0.000000	0.000000	0.000000	0.000000
39	T	O	1.000024	0.000000	0.000000	0.000002	0.000000	0.000000	0.000000	0.000000	0.000000	0.000000	0.000000	0.000000	0.000000	0.000000	0.000000	0.000000	0.000000	0.000000
40	F	O	1.000026	0.000000	0.000000	0.000002	0.000000	0.000000	0.000000	0.000000	0.000000	0.000000	0.000000	0.000000	0.000000	0.000000	0.000000	0.000000	0.000000	0.000000
41	G	O	1.000029	0.000000	0.000000	0.000002	0.000000	0.000000	0.000000	0.000000	0.000000	0.000000	0.000000	0.000000	0.000000	0.000000	0.000000	0.000000	0.000000	0.000000
42	A	O	1.000031	0.000000	0.000000	0.000002	0.000000	0.000000	0.000000	0.000000	0.000000	0.000000	0.000000	0.000000	0.000000	0.000000	0.000000	0.000000	0.000000	0.000000
43	I	O	1.000031	0.000000	0.000000	0.000001	0.000000	0.000000	0.000000	0.000000	0.000000	0.000000	0.000000	0.000000	0.000000	0.000000	0.000000	0.000000	0.000000	0.000000
44	A	O	1.000031	0.000000	0.000000	0.000001	0.000000	0.000000	0.000000	0.000000	0.000000	0.000000	0.000000	0.000000	0.000000	0.000000	0.000000	0.000000	0.000000	0.000000
45	L	O	1.000029	0.000000	0.000000	0.000001	0.000000	0.000000	0.000000	0.000000	0.000000	0.000000	0.000000	0.000000	0.000000	0.000000	0.000000	0.000000	0.000000	0.000000
46	S	O	1.000031	0.000000	0.000000	0.000001	0.000000	0.000000	0.000000	0.000000	0.000000	0.000000	0.000000	0.000000	0.000000	0.000000	0.000000	0.000000	0.000000	0.000000
47	P	O	1.000026	0.000000	0.000000	0.000001	0.000000	0.000000	0.000000	0.000000	0.000000	0.000000	0.000000	0.000000	0.000000	0.000000	0.000000	0.000001	0.000000	0.000000
48	G	O	1.000023	0.000000	0.000000	0.000001	0.000000	0.000000	0.000000	0.000001	0.000000	0.000000	0.000000	0.000000	0.000000	0.000000	0.000000	0.000001	0.000000	0.000000
49	Y	O	1.000022	0.000000	0.000000	0.000001	0.000000	0.000000	0.000000	0.000001	0.000000	0.000000	0.000000	0.000000	0.000000	0.000000	0.000000	0.000001	0.000000	0.000000
50	T	O	1.000019	0.000000	0.000000	0.000001	0.000001	0.000001	0.000000	0.000001	0.000000	0.000001	0.000001	0.000000	0.000000	0.000000	0.000000	0.000001	0.000000	0.000000
51	A	O	1.000020	0.000000	0.000000	0.000001	0.000001	0.000001	0.000000	0.000001	0.000000	0.000001	0.000001	0.000000	0.000000	0.000000	0.000000	0.000001	0.000000	0.000000
52	A	O	1.000018	0.000000	0.000000	0.000001	0.000001	0.000001	0.000000	0.000002	0.000000	0.000001	0.000001	0.000000	0.000000	0.000000	0.000000	0.000002	0.000000	0.000000
53	W	O	1.000013	0.000000	0.000000	0.000001	0.000001	0.000001	0.000000	0.000002	0.000000	0.000001	0.000001	0.000000	0.000000	0.000000	0.000000	0.000002	0.000000	0.000000
54	S	O	1.000013	0.000000	0.000000	0.000001	0.000001	0.000001	0.000000	0.000003	0.000000	0.000001	0.000001	0.000000	0.000000	0.000000	0.000000	0.000002	0.000001	0.000001
55	S	O	1.000006	0.000000	0.000000	0.000001	0.000001	0.000001	0.000000	0.000004	0.000000	0.000002	0.000001	0.000000	0.000000	0.000000	0.000000	0.000003	0.000001	0.000001
56	I	O	1.000004	0.000000	0.000000	0.000000	0.000001	0.000002	0.000000	0.000005	0.000001	0.000002	0.000002	0.000000	0.000000	0.000000	0.000000	0.000003	0.000001	0.000001
57	S	O	1.000001	0.000000	0.000000	0.000000	0.000001	0.000002	0.000000	0.000006	0.000001	0.000003	0.000003	0.000000	0.000000	0.000000	0.000000	0.000004	0.000001	0.000001
58	W	O	0.999994	0.000000	0.000000	0.000000	0.000002	0.000002	0.000001	0.000007	0.000001	0.000004	0.000003	0.000000	0.000000	0.000000	0.000000	0.000004	0.000001	0.000001
59	L	O	0.999994	0.000000	0.000000	0.000000	0.000002	0.000002	0.000001	0.000008	0.000001	0.000005	0.000004	0.000000	0.000000	0.000000	0.000000	0.000005	0.000002	0.000002
60	G	O	0.999987	0.000000	0.000000	0.000000	0.000002	0.000002	0.000001	0.000009	0.000001	0.000006	0.000006	0.000000	0.000000	0.000000	0.000000	0.000006	0.000002	0.000002
61	P	O	0.999975	0.000000	0.000000	0.000000	0.000002	0.000003	0.000001	0.000010	0.000001	0.000007	0.000008	0.000000	0.000000	0.000001	0.000001	0.000008	0.000002	0.000002
62	R	O	0.999968	0.000000	0.000000	0.000000	0.000002	0.000003	0.000001	0.000011	0.000002	0.000008	0.000011	0.000000	0.000000	0.000001	0.000001	0.000009	0.000002	0.000002
63	I	O	0.999956	0.000000	0.000000	0.000000	0.000002	0.000004	0.000001	0.000013	0.000001	0.000012	0.000014	0.000000	0.000000	0.000001	0.000001	0.000010	0.000004	0.000003
64	A	O	0.999943	0.000000	0.000000	0.000000	0.000002	0.000005	0.000001	0.000013	0.000001	0.000014	0.000019	0.000000	0.000000	0.000001	0.000001	0.000011	0.000005	0.000004
65	S	O	0.999938	0.000000	0.000000	0.000000	0.000001	0.000005	0.000002	0.000011	0.000001	0.000017	0.000025	0.000000	0.000000	0.000002	0.000002	0.000010	0.000006	0.000005
66	H	O	0.999926	0.000000	0.000000	0.000000	0.000000	0.000005	0.000002	0.000006	0.000001	0.000018	0.000030	0.000000	0.000000	0.000002	0.000002	0.000008	0.000008	0.000007
67	G	O	0.999928	0.000000	0.000000	0.000000	0.000000	0.000005	0.000002	0.000003	0.000000	0.000014	0.000034	0.000000	0.000000	0.000002	0.000002	0.000004	0.000008	0.000009
68	F	O	0.999937	0.000000	0.000000	0.000000	0.000000	0.000003	0.000003	0.000000	0.000000	0.000010	0.000030	0.000000	0.000000	0.000001	0.000003	0.000000	0.000007	0.000010
69	V	O	0.999965	0.000000	0.000000	0.000000	0.000000	0.000000	0.000004	0.000000	0.000000	0.000000	0.000025	0.000000	0.000000	0.000000	0.000005	0.000000	0.000000	0.000011
70	V	O	1.000001	0.000000	0.000000	0.000000	0.000000	0.000000	0.000000	0.000000	0.000000	0.000000	0.000000	0.000000	0.000000	0.000000	0.000000	0.000000	0.000000	0.000000
