# Name=tournament_wt_252
# pos	aa	label	Other	Sec/SPI n	Sec/SPI h	Sec/SPI c	Sec/SPII n	Sec/SPII h	Sec/SPII cys	Tat/SPI n	Tat/SPI RR	Tat/SPI h	Tat/SPI c	Tat/SPII n	Tat/SPII RR	Tat/SPII h	Tat/SPII cys	Sec/SPIII P	Sec/SPIII cons.	Sec/SPIII h
1	A	O	0.989339	0.010381	0.000000	0.000000	0.000254	0.000000	0.000000	0.000001	0.000000	0.000000	0.000000	0.000000	0.000000	0.000000	0.000000	0.000021	0.000000	0.000000
2	L	O	0.989341	0.007139	0.003242	0.000000	0.000186	0.000068	0.000000	0.000001	0.000000	0.000000	0.000000	0.000000	0.000000	0.000000	0.000000	0.000017	0.000003	0.000000
3	L	O	0.989347	0.005539	0.004183	0.000658	0.000144	0.000110	0.000000	0.000000	0.000000	0.000000	0.000000	0.000000	0.000000	0.000000	0.000000	0.000015	0.000003	0.000002
4	E	O	0.989362	0.004586	0.004044	0.001741	0.000115	0.000126	0.000014	0.000000	0.000000	0.000000	0.000000	0.000000	0.000000	0.000000	0.000000	0.000013	0.000003	0.000003
5	A	O	0.989409	0.003764	0.003870	0.002702	0.000092	0.000123	0.000025	0.000000	0.000000	0.000000	0.000000	0.000000	0.000000	0.000000	0.000000	0.000012	0.000002	0.000003
6	S	O	0.989492	0.003120	0.003479	0.003683	0.000075	0.000114	0.000026	0.000000	0.000000	0.000000	0.000000	0.000000	0.000000	0.000000	0.000000	0.000010	0.000002	0.000002
7	R	O	0.989598	0.002567	0.003045	0.004594	0.000061	0.000098	0.000029	0.000000	0.000000	0.000000	0.000000	0.000000	0.000000	0.000000	0.000000	0.000009	0.000002	0.000002
8	G	O	0.989737	0.002059	0.002719	0.005321	0.000049	0.000087	0.000024	0.000000	0.000000	0.000000	0.000000	0.000000	0.000000	0.000000	0.000000	0.000008	0.000001	0.000002
9	P	O	0.989924	0.001651	0.002402	0.005884	0.000039	0.000075	0.000022	0.000000	0.000000	0.000000	0.000000	0.000000	0.000000	0.000000	0.000000	0.000008	0.000001	0.000001
10	F	O	0.990152	0.001309	0.002111	0.006311	0.000031	0.000066	0.000018	0.000000	0.000000	0.000000	0.000000	0.000000	0.000000	0.000000	0.000000	0.000007	0.000001	0.000001
11	S	O	0.990399	0.001078	0.001681	0.006739	0.000024	0.000059	0.000014	0.000000	0.000000	0.000000	0.000000	0.000000	0.000000	0.000000	0.000000	0.000006	0.000001	0.000001
12	T	O	0.990795	0.000870	0.001451	0.006796	0.000019	0.000050	0.000014	0.000000	0.000000	0.000000	0.000000	0.000000	0.000000	0.000000	0.000000	0.000005	0.000001	0.000001
13	G	O	0.991334	0.000699	0.001283	0.006615	0.000014	0.000041	0.000013	0.000000	0.000000	0.000000	0.000000	0.000000	0.000000	0.000000	0.000000	0.000004	0.000001	0.000001
14	S	O	0.992055	0.000548	0.001179	0.006164	0.000011	0.000034	0.000011	0.000000	0.000000	0.000000	0.000000	0.000000	0.000000	0.000000	0.000000	0.000004	0.000001	0.000001
15	Q	O	0.992802	0.000412	0.001091	0.005647	0.000008	0.000029	0.000008	0.000000	0.000000	0.000000	0.000000	0.000000	0.000000	0.000000	0.000000	0.000003	0.000001	0.000001
16	T	O	0.993479	0.000297	0.000993	0.005197	0.000006	0.000026	0.000006	0.000000	0.000000	0.000000	0.000000	0.000000	0.000000	0.000000	0.000000	0.000003	0.000001	0.000001
17	V	O	0.994198	0.000208	0.000885	0.004681	0.000004	0.000022	0.000005	0.000000	0.000000	0.000000	0.000000	0.000000	0.000000	0.000000	0.000000	0.000002	0.000001	0.000001
18	S	O	0.994826	0.000149	0.000728	0.004274	0.000003	0.000018	0.000005	0.000000	0.000000	0.000000	0.000000	0.000000	0.000000	0.000000	0.000000	0.000002	0.000001	0.000001
19	S	O	0.995616	0.000102	0.000618	0.003648	0.000002	0.000014	0.000005	0.000000	0.000000	0.000000	0.000000	0.000000	0.000000	0.000000	0.000000	0.000001	0.000001	0.000001
20	L	O	0.996456	0.000065	0.000532	0.002939	0.000001	0.000011	0.000004	0.000000	0.000000	0.000000	0.000000	0.000000	0.000000	0.000000	0.000000	0.000001	0.000000	0.000000
21	S	O	0.997023	0.000042	0.000415	0.002517	0.000001	0.000009	0.000003	0.000000	0.000000	0.000000	0.000000	0.000000	0.000000	0.000000	0.000000	0.000001	0.000000	0.000000
22	V	O	0.997530	0.000025	0.000314	0.002127	0.000000	0.000007	0.000002	0.000000	0.000000	0.000000	0.000000	0.000000	0.000000	0.000000	0.000000	0.000001	0.000000	0.000000
23	T	O	0.997956	0.000017	0.000201	0.001830	0.000000	0.000005	0.000002	0.000000	0.000000	0.000000	0.000000	0.000000	0.000000	0.000000	0.000000	0.000000	0.000000	0.000000
24	G	O	0.998366	0.000012	0.000122	0.001503	0.000000	0.000004	0.000002	0.000000	0.000000	0.000000	0.000000	0.000000	0.000000	0.000000	0.000000	0.000000	0.000000	0.000000
25	F	O	0.998865	0.000009	0.000077	0.001051	0.000000	0.000002	0.000002	0.000000	0.000000	0.000000	0.000000	0.000000	0.000000	0.000000	0.000000	0.000000	0.000000	0.000000
26	G	O	0.999234	0.000007	0.000046	0.000721	0.000000	0.000001	0.000001	0.000000	0.000000	0.000000	0.000000	0.000000	0.000000	0.000000	0.000000	0.000000	0.000000	0.000000
27	G	O	0.999542	0.000006	0.000031	0.000435	0.000000	0.000001	0.000001	0.000000	0.000000	0.000000	0.000000	0.000000	0.000000	0.000000	0.000000	0.000000	0.000000	0.000000
28	G	O	0.999728	0.000005	0.000022	0.000254	0.000000	0.000000	0.000000	0.000000	0.000000	0.000000	0.000000	0.000000	0.000000	0.000000	0.000000	0.000000	0.000000	0.000000
29	V	O	0.999840	0.000004	0.000017	0.000149	0.000000	0.000000	0.000000	0.000000	0.000000	0.000000	0.000000	0.000000	0.000000	0.000000	0.000000	0.000000	0.000000	0.000000
30	I	O	0.999900	0.000003	0.000013	0.000097	0.000000	0.000000	0.000000	0.000000	0.000000	0.000000	0.000000	0.000000	0.000000	0.000000	0.000000	0.000000	0.000000	0.000000
31	Y	O	0.999936	0.000003	0.000009	0.000067	0.000000	0.000000	0.000000	0.000000	0.000000	0.000000	0.000000	0.000000	0.000000	0.000000	0.000000	0.000000	0.000000	0.000000
32	Y	O	0.999956	0.000002	0.000007	0.000047	0.000000	0.000000	0.000000	0.000000	0.000000	0.000000	0.000000	0.000000	0.000000	0.000000	0.000000	0.000000	0.000000	0.000000
33	P	O	0.999971	0.000002	0.000005	0.000036	0.000000	0.000000	0.000000	0.000000	0.000000	0.000000	0.000000	0.000000	0.000000	0.000000	0.000000	0.000000	0.000000	0.000000
34	T	O	0.999983	0.000002	0.000004	0.000029	0.000000	0.000000	0.000000	0.000000	0.000000	0.000000	0.000000	0.000000	0.000000	0.000000	0.000000	0.000000	0.000000	0.000000
35	D	O	0.999983	0.000001	0.000003	0.000025	0.000000	0.000000	0.000000	0.000000	0.000000	0.000000	0.000000	0.000000	0.000000	0.000000	0.000000	0.000000	0.000000	0.000000
36	T	O	0.999988	0.000001	0.000002	0.000022	0.000000	0.000000	0.000000	0.000000	0.000000	0.000000	0.000000	0.000000	0.000000	0.000000	0.000000	0.000000	0.000000	0.000000
37	S	O	0.999996	0.000001	0.000001	0.000020	0.000000	0.000000	0.000000	0.000000	0.000000	0.000000	0.000000	0.000000	0.000000	0.000000	0.000000	0.000000	0.000000	0.000000
38	Q	O	0.999998	0.000001	0.000001	0.000018	0.000000	0.000000	0.000000	0.000000	0.000000	0.000000	0.000000	0.000000	0.000000	0.000000	0.000000	0.000000	0.000000	0.000000
39	G	O	0.999998	0.000001	0.000001	0.000015	0.000000	0.000000	0.000000	0.000000	0.000000	0.000000	0.000000	0.000000	0.000000	0.000000	0.000000	0.000000	0.000000	0.000000
40	T	O	1.000001	0.000001	0.000001	0.000013	0.000000	0.000000	0.000000	0.000000	0.000000	0.000000	0.000000	0.000000	0.000000	0.000000	0.000000	0.000000	0.000000	0.000000
41	F	O	0.999999	0.000001	0.000001	0.000011	0.000000	0.000000	0.000000	0.000000	0.000000	0.000000	0.000000	0.000000	0.000000	0.000000	0.000000	0.000000	0.000000	0.000000
42	G	O	0.999998	0.000001	0.000000	0.000010	0.000000	0.000000	0.000000	0.000000	0.000000	0.000000	0.000000	0.000000	0.000000	0.000000	0.000000	0.000000	0.000000	0.000000
43	A	O	1.000000	0.000000	0.000000	0.000008	0.000000	0.000000	0.000000	0.000000	0.000000	0.000000	0.000000	0.000000	0.000000	0.000000	0.000000	0.000001	0.000000	0.000000
44	I	O	0.999998	0.000000	0.000000	0.000007	0.000000	0.000000	0.000000	0.000000	0.000000	0.000000	0.000000	0.000000	0.000000	0.000000	0.000000	0.000001	0.000000	0.000000
45	A	O	1.000002	0.000000	0.000000	0.000006	0.000000	0.000001	0.000000	0.000001	0.000000	0.000000	0.000000	0.000000	0.000000	0.000000	0.000000	0.000001	0.000000	0.000000
46	I	O	1.000000	0.000000	0.000000	0.000006	0.000001	0.000001	0.000000	0.000001	0.000000	0.000000	0.000000	0.000000	0.000000	0.000000	0.000000	0.000001	0.000000	0.000000
47	S	O	0.999995	0.000000	0.000000	0.000005	0.000001	0.000001	0.000000	0.000001	0.000000	0.000001	0.000000	0.000000	0.000000	0.000000	0.000000	0.000001	0.000000	0.000000
48	P	O	0.999995	0.000000	0.000000	0.000005	0.000001	0.000001	0.000000	0.000002	0.000000	0.000001	0.000001	0.000000	0.000000	0.000000	0.000000	0.000002	0.000001	0.000001
49	G	O	0.999992	0.000000	0.000000	0.000005	0.000001	0.000001	0.000000	0.000002	0.000000	0.000001	0.000001	0.000000	0.000000	0.000000	0.000000	0.000002	0.000001	0.000001
50	Y	O	0.999990	0.000000	0.000000	0.000004	0.000002	0.000002	0.000001	0.000003	0.000000	0.000002	0.000001	0.000000	0.000000	0.000000	0.000000	0.000003	0.000001	0.000001
51	T	O	0.999988	0.000000	0.000000	0.000004	0.000002	0.000002	0.000001	0.000004	0.000001	0.000002	0.000002	0.000000	0.000000	0.000000	0.000000	0.000004	0.000001	0.000001
52	A	O	0.999978	0.000000	0.000000	0.000004	0.000002	0.000003	0.000001	0.000005	0.000001	0.000003	0.000003	0.000000	0.000000	0.000000	0.000000	0.000005	0.000001	0.000001
53	A	O	0.999971	0.000000	0.000000	0.000003	0.000003	0.000003	0.000001	0.000006	0.000001	0.000003	0.000004	0.000000	0.000000	0.000000	0.000000	0.000006	0.000002	0.000001
54	W	O	0.999964	0.000000	0.000000	0.000003	0.000003	0.000003	0.000001	0.000008	0.000001	0.000004	0.000004	0.000000	0.000000	0.000000	0.000000	0.000007	0.000002	0.000002
55	S	O	0.999955	0.000000	0.000000	0.000002	0.000003	0.000004	0.000001	0.000010	0.000001	0.000005	0.000005	0.000000	0.000000	0.000000	0.000000	0.000008	0.000002	0.000002
56	S	O	0.999951	0.000000	0.000000	0.000002	0.000003	0.000005	0.000001	0.000012	0.000002	0.000007	0.000006	0.000000	0.000000	0.000000	0.000000	0.000009	0.000003	0.000003
57	I	O	0.999937	0.000000	0.000000	0.000002	0.000003	0.000005	0.000002	0.000014	0.000002	0.000009	0.000008	0.000000	0.000000	0.000001	0.000000	0.000010	0.000004	0.000003
58	S	O	0.999931	0.000000	0.000000	0.000001	0.000003	0.000006	0.000002	0.000018	0.000002	0.000011	0.000011	0.000000	0.000000	0.000001	0.000001	0.000011	0.000004	0.000004
59	W	O	0.999919	0.000000	0.000000	0.000001	0.000004	0.000007	0.000002	0.000020	0.000002	0.000015	0.000013	0.000000	0.000000	0.000001	0.000001	0.000012	0.000005	0.000005
60	L	O	0.999907	0.000000	0.000000	0.000001	0.000003	0.000007	0.000002	0.000021	0.000003	0.000019	0.000017	0.000000	0.000000	0.000001	0.000001	0.000013	0.000006	0.000006
61	G	O	0.999889	0.000000	0.000000	0.000001	0.000004	0.000007	0.000003	0.000025	0.000003	0.000021	0.000024	0.000001	0.000000	0.000001	0.000001	0.000015	0.000006	0.000007
62	P	O	0.999865	0.000000	0.000000	0.000001	0.000004	0.000008	0.000003	0.000028	0.000004	0.000025	0.000031	0.000001	0.000000	0.000002	0.000002	0.000018	0.000007	0.000007
63	R	O	0.999841	0.000000	0.000000	0.000000	0.000004	0.000008	0.000003	0.000030	0.000004	0.000030	0.000042	0.000001	0.000000	0.000002	0.000002	0.000021	0.000008	0.000008
64	I	O	0.999814	0.000000	0.000000	0.000000	0.000003	0.000010	0.000004	0.000031	0.000003	0.000039	0.000053	0.000001	0.000000	0.000003	0.000003	0.000022	0.000011	0.000010
65	A	O	0.999784	0.000000	0.000000	0.000000	0.000002	0.000011	0.000004	0.000028	0.000002	0.000044	0.000076	0.000001	0.000000	0.000004	0.000004	0.000021	0.000013	0.000013
66	S	O	0.999765	0.000000	0.000000	0.000000	0.000001	0.000011	0.000005	0.000019	0.000001	0.000046	0.000098	0.000000	0.000000	0.000004	0.000006	0.000017	0.000017	0.000016
67	H	O	0.999771	0.000000	0.000000	0.000000	0.000000	0.000009	0.000007	0.000007	0.000000	0.000041	0.000112	0.000000	0.000000	0.000004	0.000007	0.000009	0.000018	0.000021
68	G	O	0.999804	0.000000	0.000000	0.000000	0.000000	0.000006	0.000007	0.000000	0.000000	0.000019	0.000118	0.000000	0.000000	0.000004	0.000009	0.000000	0.000014	0.000025
69	F	O	0.999884	0.000000	0.000000	0.000000	0.000000	0.000000	0.000009	0.000000	0.000000	0.000000	0.000073	0.000000	0.000000	0.000000	0.000014	0.000000	0.000000	0.000024
70	V	O	1.000001	0.000000	0.000000	0.000000	0.000000	0.000000	0.000000	0.000000	0.000000	0.000000	0.000000	0.000000	0.000000	0.000000	0.000000	0.000000	0.000000	0.000000
