# Name=tournament_wt_219
# pos	aa	label	Other	Sec/SPI n	Sec/SPI h	Sec/SPI c	Sec/SPII n	Sec/SPII h	Sec/SPII cys	Tat/SPI n	Tat/SPI RR	Tat/SPI h	Tat/SPI c	Tat/SPII n	Tat/SPII RR	Tat/SPII h	Tat/SPII cys	Sec/SPIII P	Sec/SPIII cons.	Sec/SPIII h
1	A	O	0.989213	0.010150	0.000000	0.000000	0.000588	0.000000	0.000000	0.000000	0.000000	0.000000	0.000000	0.000001	0.000000	0.000000	0.000000	0.000033	0.000000	0.000000
2	L	O	0.989213	0.008451	0.001699	0.000000	0.000432	0.000156	0.000000	0.000000	0.000000	0.000000	0.000000	0.000001	0.000000	0.000000	0.000000	0.000028	0.000005	0.000000
3	S	O	0.989214	0.007513	0.002278	0.000359	0.000338	0.000250	0.000000	0.000000	0.000000	0.000000	0.000000	0.000001	0.000000	0.000000	0.000000	0.000025	0.000005	0.000003
4	D	O	0.989236	0.006802	0.002478	0.000853	0.000273	0.000282	0.000032	0.000000	0.000000	0.000000	0.000000	0.000001	0.000000	0.000000	0.000000	0.000022	0.000004	0.000004
5	T	O	0.989309	0.006179	0.002547	0.001366	0.000223	0.000278	0.000055	0.000000	0.000000	0.000000	0.000000	0.000001	0.000000	0.000000	0.000000	0.000019	0.000004	0.000004
6	R	O	0.989439	0.005659	0.002483	0.001880	0.000186	0.000251	0.000064	0.000000	0.000000	0.000000	0.000000	0.000001	0.000000	0.000000	0.000000	0.000017	0.000003	0.000004
7	D	O	0.989604	0.005193	0.002371	0.002360	0.000156	0.000221	0.000060	0.000000	0.000000	0.000000	0.000000	0.000001	0.000000	0.000000	0.000000	0.000015	0.000003	0.000003
8	N	O	0.989794	0.004742	0.002306	0.002749	0.000133	0.000189	0.000055	0.000000	0.000000	0.000000	0.000000	0.000001	0.000000	0.000000	0.000000	0.000014	0.000003	0.000003
9	G	O	0.990020	0.004274	0.002341	0.003014	0.000114	0.000160	0.000048	0.000000	0.000000	0.000000	0.000000	0.000001	0.000000	0.000000	0.000000	0.000012	0.000002	0.000002
10	P	O	0.990268	0.003834	0.002366	0.003233	0.000099	0.000133	0.000041	0.000000	0.000000	0.000000	0.000000	0.000001	0.000000	0.000000	0.000000	0.000011	0.000002	0.000002
11	F	O	0.990531	0.003433	0.002358	0.003421	0.000086	0.000114	0.000032	0.000000	0.000000	0.000000	0.000000	0.000001	0.000000	0.000000	0.000000	0.000010	0.000002	0.000002
12	S	O	0.990809	0.003106	0.002251	0.003611	0.000076	0.000099	0.000025	0.000000	0.000000	0.000000	0.000000	0.000001	0.000000	0.000000	0.000000	0.000009	0.000002	0.000002
13	V	O	0.991117	0.002807	0.002154	0.003725	0.000069	0.000084	0.000022	0.000000	0.000000	0.000000	0.000000	0.000001	0.000000	0.000000	0.000000	0.000008	0.000001	0.000001
14	R	O	0.991439	0.002581	0.001962	0.003842	0.000063	0.000070	0.000020	0.000000	0.000000	0.000000	0.000000	0.000001	0.000000	0.000000	0.000000	0.000007	0.000001	0.000001
15	T	O	0.991783	0.002381	0.001761	0.003920	0.000059	0.000058	0.000016	0.000000	0.000000	0.000000	0.000000	0.000001	0.000000	0.000000	0.000000	0.000007	0.000001	0.000001
16	K	O	0.992141	0.002211	0.001552	0.003959	0.000056	0.000048	0.000014	0.000000	0.000000	0.000000	0.000000	0.000001	0.000000	0.000000	0.000000	0.000006	0.000001	0.000001
17	R	O	0.992507	0.002062	0.001347	0.003962	0.000052	0.000039	0.000012	0.000000	0.000000	0.000000	0.000000	0.000001	0.000000	0.000000	0.000000	0.000006	0.000001	0.000001
18	V	O	0.992893	0.001932	0.001158	0.003904	0.000050	0.000034	0.000008	0.000000	0.000000	0.000000	0.000000	0.000001	0.000000	0.000000	0.000000	0.000005	0.000001	0.000001
19	S	O	0.993272	0.001823	0.000973	0.003826	0.000047	0.000030	0.000007	0.000000	0.000000	0.000000	0.000000	0.000001	0.000000	0.000000	0.000000	0.000005	0.000001	0.000001
20	R	O	0.993684	0.001729	0.000822	0.003667	0.000045	0.000026	0.000006	0.000000	0.000000	0.000000	0.000000	0.000001	0.000000	0.000000	0.000000	0.000004	0.000000	0.000001
21	Q	O	0.994144	0.001634	0.000728	0.003405	0.000043	0.000024	0.000004	0.000000	0.000000	0.000000	0.000000	0.000001	0.000000	0.000000	0.000000	0.000004	0.000000	0.000000
22	S	O	0.994574	0.001548	0.000655	0.003137	0.000041	0.000024	0.000003	0.000000	0.000000	0.000000	0.000000	0.000001	0.000000	0.000000	0.000000	0.000004	0.000000	0.000000
23	A	O	0.995006	0.001469	0.000596	0.002847	0.000039	0.000024	0.000002	0.000000	0.000000	0.000000	0.000000	0.000001	0.000000	0.000000	0.000000	0.000004	0.000000	0.000000
24	K	O	0.995386	0.001399	0.000540	0.002593	0.000037	0.000024	0.000002	0.000000	0.000000	0.000000	0.000000	0.000001	0.000000	0.000000	0.000000	0.000003	0.000000	0.000000
25	G	O	0.995779	0.001328	0.000512	0.002299	0.000035	0.000025	0.000002	0.000000	0.000000	0.000000	0.000000	0.000001	0.000000	0.000000	0.000000	0.000003	0.000000	0.000000
26	F	O	0.996237	0.001258	0.000513	0.001910	0.000033	0.000026	0.000001	0.000000	0.000000	0.000000	0.000000	0.000001	0.000000	0.000000	0.000000	0.000003	0.000000	0.000000
27	G	O	0.996584	0.001193	0.000507	0.001633	0.000031	0.000028	0.000001	0.000000	0.000000	0.000000	0.000000	0.000001	0.000000	0.000000	0.000000	0.000003	0.000000	0.000000
28	G	O	0.996917	0.001125	0.000520	0.001357	0.000030	0.000030	0.000001	0.000000	0.000000	0.000000	0.000000	0.000001	0.000000	0.000000	0.000000	0.000003	0.000000	0.000000
29	G	O	0.997194	0.001052	0.000546	0.001122	0.000029	0.000033	0.000001	0.000000	0.000000	0.000000	0.000000	0.000001	0.000000	0.000000	0.000000	0.000003	0.000000	0.000000
30	T	O	0.997449	0.000970	0.000589	0.000905	0.000028	0.000037	0.000001	0.000000	0.000000	0.000000	0.000000	0.000001	0.000000	0.000000	0.000000	0.000003	0.000000	0.000000
31	I	O	0.997627	0.000885	0.000635	0.000760	0.000028	0.000042	0.000000	0.000000	0.000000	0.000000	0.000000	0.000001	0.000000	0.000000	0.000000	0.000002	0.000000	0.000000
32	H	O	0.997741	0.000810	0.000658	0.000688	0.000030	0.000048	0.000000	0.000000	0.000000	0.000000	0.000000	0.000001	0.000000	0.000000	0.000000	0.000003	0.000000	0.000000
33	Y	O	0.997838	0.000727	0.000696	0.000627	0.000032	0.000056	0.000000	0.000001	0.000000	0.000000	0.000000	0.000001	0.000000	0.000000	0.000000	0.000003	0.000001	0.000000
34	P	O	0.997918	0.000651	0.000722	0.000586	0.000033	0.000067	0.000001	0.000001	0.000000	0.000000	0.000000	0.000001	0.000000	0.000000	0.000000	0.000003	0.000001	0.000000
35	T	O	0.997986	0.000572	0.000754	0.000550	0.000034	0.000079	0.000001	0.000001	0.000000	0.000000	0.000000	0.000001	0.000000	0.000000	0.000000	0.000003	0.000001	0.000000
36	N	O	0.998032	0.000496	0.000779	0.000535	0.000033	0.000096	0.000001	0.000002	0.000000	0.000000	0.000000	0.000001	0.000001	0.000001	0.000000	0.000003	0.000002	0.000001
37	A	O	0.998095	0.000394	0.000845	0.000494	0.000028	0.000115	0.000001	0.000002	0.000001	0.000000	0.000000	0.000001	0.000001	0.000001	0.000000	0.000003	0.000002	0.000001
38	S	O	0.998152	0.000296	0.000912	0.000453	0.000029	0.000128	0.000003	0.000003	0.000001	0.000001	0.000000	0.000001	0.000001	0.000001	0.000000	0.000002	0.000003	0.000002
39	G	O	0.998227	0.000202	0.000983	0.000387	0.000028	0.000134	0.000010	0.000003	0.000001	0.000001	0.000000	0.000001	0.000001	0.000002	0.000000	0.000002	0.000003	0.000002
40	C	O	0.998341	0.000121	0.001052	0.000279	0.000023	0.000095	0.000061	0.000003	0.000001	0.000002	0.000000	0.000001	0.000001	0.000002	0.000000	0.000001	0.000003	0.000003
41	G	O	0.998478	0.000054	0.001110	0.000194	0.000015	0.000108	0.000011	0.000003	0.000001	0.000002	0.000000	0.000001	0.000000	0.000003	0.000000	0.000001	0.000003	0.000004
42	L	O	0.998552	0.000021	0.001135	0.000125	0.000009	0.000117	0.000011	0.000004	0.000001	0.000003	0.000000	0.000001	0.000000	0.000004	0.000000	0.000001	0.000003	0.000005
43	L	O	0.998590	0.000008	0.001135	0.000094	0.000007	0.000125	0.000008	0.000004	0.000001	0.000004	0.000000	0.000001	0.000000	0.000004	0.000000	0.000001	0.000002	0.000005
44	G	O	0.998605	0.000003	0.001116	0.000094	0.000006	0.000128	0.000010	0.000005	0.000002	0.000005	0.000000	0.000001	0.000000	0.000005	0.000000	0.000001	0.000002	0.000006
45	A	O	0.998622	0.000001	0.001089	0.000101	0.000006	0.000121	0.000020	0.000006	0.000002	0.000006	0.000000	0.000001	0.000000	0.000005	0.000000	0.000001	0.000002	0.000006
46	I	O	0.998651	0.000001	0.001052	0.000117	0.000006	0.000114	0.000020	0.000007	0.000003	0.000007	0.000000	0.000001	0.000000	0.000005	0.000000	0.000001	0.000003	0.000006
47	A	O	0.998675	0.000000	0.000989	0.000161	0.000005	0.000106	0.000020	0.000009	0.000003	0.000008	0.000001	0.000001	0.000000	0.000006	0.000000	0.000002	0.000003	0.000006
48	V	O	0.998707	0.000000	0.000907	0.000218	0.000004	0.000094	0.000023	0.000011	0.000003	0.000010	0.000001	0.000001	0.000000	0.000006	0.000001	0.000002	0.000004	0.000006
49	V	O	0.998740	0.000000	0.000784	0.000314	0.000003	0.000084	0.000021	0.000011	0.000005	0.000011	0.000002	0.000001	0.000000	0.000006	0.000001	0.000002	0.000004	0.000007
50	P	O	0.998776	0.000000	0.000594	0.000475	0.000002	0.000068	0.000025	0.000015	0.000005	0.000012	0.000004	0.000001	0.000000	0.000006	0.000001	0.000002	0.000004	0.000007
51	G	O	0.998834	0.000000	0.000429	0.000593	0.000002	0.000053	0.000023	0.000018	0.000005	0.000014	0.000006	0.000001	0.000000	0.000005	0.000001	0.000003	0.000004	0.000006
52	Y	O	0.998909	0.000000	0.000300	0.000655	0.000002	0.000034	0.000026	0.000020	0.000005	0.000016	0.000009	0.000001	0.000000	0.000004	0.000002	0.000003	0.000005	0.000006
53	V	O	0.998977	0.000000	0.000168	0.000732	0.000002	0.000025	0.000016	0.000021	0.000006	0.000015	0.000014	0.000001	0.000001	0.000004	0.000002	0.000003	0.000005	0.000007
54	S	O	0.999067	0.000000	0.000076	0.000742	0.000003	0.000018	0.000012	0.000025	0.000005	0.000013	0.000019	0.000001	0.000001	0.000003	0.000002	0.000004	0.000004	0.000007
55	Y	O	0.999213	0.000000	0.000042	0.000637	0.000003	0.000011	0.000011	0.000024	0.000006	0.000015	0.000020	0.000001	0.000001	0.000002	0.000002	0.000005	0.000004	0.000006
56	E	O	0.999366	0.000000	0.000022	0.000510	0.000003	0.000009	0.000006	0.000024	0.000009	0.000012	0.000022	0.000001	0.000001	0.000002	0.000001	0.000007	0.000003	0.000005
57	A	O	0.999520	0.000000	0.000015	0.000364	0.000004	0.000008	0.000004	0.000028	0.000005	0.000014	0.000019	0.000002	0.000001	0.000002	0.000001	0.000008	0.000004	0.000004
58	A	O	0.999635	0.000000	0.000010	0.000248	0.000005	0.000008	0.000004	0.000027	0.000005	0.000018	0.000017	0.000001	0.000001	0.000002	0.000001	0.000009	0.000004	0.000004
59	I	O	0.999720	0.000000	0.000007	0.000158	0.000006	0.000007	0.000004	0.000024	0.000006	0.000022	0.000018	0.000001	0.000001	0.000002	0.000002	0.000010	0.000005	0.000005
60	K	O	0.999762	0.000000	0.000005	0.000109	0.000008	0.000008	0.000003	0.000025	0.000006	0.000021	0.000023	0.000002	0.000001	0.000003	0.000002	0.000014	0.000004	0.000005
61	W	O	0.999784	0.000000	0.000003	0.000071	0.000009	0.000010	0.000003	0.000028	0.000005	0.000024	0.000024	0.000002	0.000001	0.000003	0.000002	0.000018	0.000006	0.000005
62	W	O	0.999784	0.000000	0.000002	0.000048	0.000011	0.000013	0.000004	0.000030	0.000004	0.000030	0.000027	0.000002	0.000001	0.000004	0.000003	0.000024	0.000007	0.000006
63	G	O	0.999762	0.000000	0.000001	0.000034	0.000012	0.000017	0.000004	0.000032	0.000004	0.000034	0.000037	0.000002	0.000000	0.000005	0.000004	0.000033	0.000009	0.000008
64	P	O	0.999732	0.000000	0.000001	0.000023	0.000013	0.000023	0.000005	0.000034	0.000004	0.000037	0.000049	0.000002	0.000000	0.000007	0.000005	0.000042	0.000013	0.000010
65	R	O	0.999692	0.000000	0.000000	0.000015	0.000012	0.000029	0.000007	0.000034	0.000005	0.000041	0.000065	0.000002	0.000000	0.000010	0.000007	0.000049	0.000021	0.000013
66	L	O	0.999659	0.000000	0.000000	0.000009	0.000004	0.000039	0.000010	0.000029	0.000002	0.000057	0.000072	0.000001	0.000000	0.000013	0.000011	0.000037	0.000040	0.000020
67	A	O	0.999636	0.000000	0.000000	0.000005	0.000000	0.000042	0.000013	0.000014	0.000000	0.000060	0.000092	0.000000	0.000000	0.000014	0.000016	0.000019	0.000048	0.000038
68	S	O	0.999665	0.000000	0.000000	0.000002	0.000000	0.000028	0.000026	0.000000	0.000000	0.000039	0.000114	0.000000	0.000000	0.000010	0.000020	0.000000	0.000039	0.000056
69	W	O	0.999774	0.000000	0.000000	0.000001	0.000000	0.000000	0.000039	0.000000	0.000000	0.000000	0.000096	0.000000	0.000000	0.000000	0.000025	0.000000	0.000000	0.000065
70	G	O	1.000000	0.000000	0.000000	0.000000	0.000000	0.000000	0.000000	0.000000	0.000000	0.000000	0.000000	0.000000	0.000000	0.000000	0.000000	0.000000	0.000000	0.000000
