# Name=tournament_wt_286
# pos	aa	label	Other	Sec/SPI n	Sec/SPI h	Sec/SPI c	Sec/SPII n	Sec/SPII h	Sec/SPII cys	Tat/SPI n	Tat/SPI RR	Tat/SPI h	Tat/SPI c	Tat/SPII n	Tat/SPII RR	Tat/SPII h	Tat/SPII cys	Sec/SPIII P	Sec/SPIII cons.	Sec/SPIII h
1	A	O	0.984692	0.014951	0.000000	0.000000	0.000300	0.000000	0.000000	0.000002	0.000000	0.000000	0.000000	0.000000	0.000000	0.000000	0.000000	0.000036	0.000000	0.000000
2	L	O	0.984699	0.012691	0.002260	0.000000	0.000265	0.000036	0.000000	0.000001	0.000000	0.000000	0.000000	0.000000	0.000000	0.000000	0.000000	0.000032	0.000004	0.000000
3	Q	O	0.984697	0.011477	0.002826	0.000647	0.000239	0.000062	0.000000	0.000001	0.000000	0.000000	0.000000	0.000000	0.000000	0.000000	0.000000	0.000029	0.000004	0.000003
4	A	O	0.984733	0.010335	0.003293	0.001292	0.000214	0.000080	0.000006	0.000001	0.000000	0.000000	0.000000	0.000000	0.000000	0.000000	0.000000	0.000026	0.000004	0.000004
5	S	O	0.984816	0.009405	0.003446	0.001999	0.000193	0.000091	0.000010	0.000001	0.000000	0.000000	0.000000	0.000000	0.000000	0.000000	0.000000	0.000023	0.000004	0.000003
6	R	O	0.984927	0.008515	0.003521	0.002711	0.000174	0.000095	0.000015	0.000001	0.000000	0.000000	0.000000	0.000000	0.000000	0.000000	0.000000	0.000021	0.000003	0.000003
7	G	O	0.985111	0.007497	0.003853	0.003234	0.000151	0.000105	0.000013	0.000001	0.000000	0.000000	0.000000	0.000000	0.000000	0.000000	0.000000	0.000019	0.000003	0.000003
8	P	O	0.985355	0.006415	0.004343	0.003594	0.000127	0.000116	0.000013	0.000001	0.000000	0.000000	0.000000	0.000000	0.000000	0.000000	0.000000	0.000017	0.000003	0.000002
9	Y	O	0.985644	0.005208	0.005018	0.003857	0.000101	0.000130	0.000013	0.000001	0.000000	0.000000	0.000000	0.000000	0.000000	0.000000	0.000000	0.000015	0.000003	0.000003
10	A	O	0.985985	0.004122	0.005547	0.004085	0.000078	0.000143	0.000010	0.000001	0.000000	0.000000	0.000000	0.000000	0.000000	0.000000	0.000000	0.000013	0.000004	0.000003
11	V	O	0.986518	0.003014	0.006240	0.003979	0.000056	0.000152	0.000013	0.000000	0.000000	0.000000	0.000000	0.000000	0.000000	0.000000	0.000000	0.000010	0.000004	0.000003
12	S	O	0.986994	0.002340	0.006243	0.004189	0.000040	0.000156	0.000012	0.000000	0.000000	0.000000	0.000000	0.000000	0.000000	0.000000	0.000000	0.000008	0.000004	0.000003
13	Q	O	0.987665	0.001711	0.006349	0.004057	0.000028	0.000154	0.000015	0.000000	0.000000	0.000000	0.000000	0.000000	0.000000	0.000000	0.000000	0.000006	0.000004	0.000003
14	V	O	0.988383	0.001164	0.006406	0.003848	0.000018	0.000146	0.000017	0.000000	0.000000	0.000000	0.000000	0.000000	0.000000	0.000000	0.000000	0.000005	0.000004	0.000003
15	S	O	0.988946	0.000837	0.005949	0.004090	0.000012	0.000135	0.000017	0.000000	0.000000	0.000000	0.000000	0.000000	0.000000	0.000000	0.000000	0.000004	0.000003	0.000003
16	V	O	0.989659	0.000547	0.005571	0.004066	0.000008	0.000120	0.000020	0.000000	0.000000	0.000000	0.000000	0.000000	0.000000	0.000000	0.000000	0.000002	0.000002	0.000002
17	S	O	0.990246	0.000363	0.004817	0.004435	0.000005	0.000101	0.000021	0.000000	0.000000	0.000000	0.000000	0.000000	0.000000	0.000000	0.000000	0.000002	0.000002	0.000002
18	S	O	0.991001	0.000228	0.004071	0.004587	0.000003	0.000084	0.000020	0.000000	0.000000	0.000000	0.000000	0.000000	0.000000	0.000000	0.000000	0.000001	0.000001	0.000002
19	L	O	0.991886	0.000130	0.003385	0.004501	0.000002	0.000068	0.000017	0.000000	0.000000	0.000000	0.000000	0.000000	0.000000	0.000000	0.000000	0.000001	0.000001	0.000001
20	S	O	0.992529	0.000075	0.002381	0.004941	0.000001	0.000053	0.000015	0.000000	0.000000	0.000000	0.000000	0.000000	0.000000	0.000000	0.000000	0.000001	0.000001	0.000001
21	V	O	0.993382	0.000041	0.001573	0.004947	0.000000	0.000040	0.000014	0.000000	0.000000	0.000000	0.000000	0.000000	0.000000	0.000000	0.000000	0.000000	0.000000	0.000001
22	S	O	0.994137	0.000027	0.000726	0.005068	0.000000	0.000027	0.000012	0.000000	0.000000	0.000000	0.000000	0.000000	0.000000	0.000000	0.000000	0.000000	0.000000	0.000000
23	G	O	0.995301	0.000019	0.000322	0.004325	0.000000	0.000016	0.000011	0.000000	0.000000	0.000000	0.000000	0.000000	0.000000	0.000000	0.000000	0.000000	0.000000	0.000000
24	F	O	0.997023	0.000014	0.000183	0.002761	0.000000	0.000008	0.000008	0.000000	0.000000	0.000000	0.000000	0.000000	0.000000	0.000000	0.000000	0.000000	0.000000	0.000000
25	G	O	0.998016	0.000011	0.000085	0.001876	0.000000	0.000004	0.000004	0.000000	0.000000	0.000000	0.000000	0.000000	0.000000	0.000000	0.000000	0.000000	0.000000	0.000000
26	G	O	0.998949	0.000009	0.000051	0.000979	0.000000	0.000002	0.000002	0.000000	0.000000	0.000000	0.000000	0.000000	0.000000	0.000000	0.000000	0.000000	0.000000	0.000000
27	G	O	0.999444	0.000007	0.000032	0.000502	0.000000	0.000001	0.000001	0.000000	0.000000	0.000000	0.000000	0.000000	0.000000	0.000000	0.000000	0.000000	0.000000	0.000000
28	T	O	0.999721	0.000006	0.000023	0.000243	0.000000	0.000001	0.000000	0.000000	0.000000	0.000000	0.000000	0.000000	0.000000	0.000000	0.000000	0.000000	0.000000	0.000000
29	I	O	0.999835	0.000004	0.000017	0.000133	0.000000	0.000000	0.000000	0.000000	0.000000	0.000000	0.000000	0.000000	0.000000	0.000000	0.000000	0.000000	0.000000	0.000000
30	Y	O	0.999894	0.000004	0.000012	0.000081	0.000000	0.000000	0.000000	0.000000	0.000000	0.000000	0.000000	0.000000	0.000000	0.000000	0.000000	0.000000	0.000000	0.000000
31	Y	O	0.999926	0.000003	0.000009	0.000053	0.000000	0.000000	0.000000	0.000000	0.000000	0.000000	0.000000	0.000000	0.000000	0.000000	0.000000	0.000000	0.000000	0.000000
32	P	O	0.999943	0.000003	0.000006	0.000037	0.000000	0.000000	0.000000	0.000000	0.000000	0.000000	0.000000	0.000000	0.000000	0.000000	0.000000	0.000000	0.000000	0.000000
33	T	O	0.999953	0.000002	0.000005	0.000026	0.000000	0.000000	0.000000	0.000000	0.000000	0.000000	0.000000	0.000000	0.000000	0.000000	0.000000	0.000000	0.000000	0.000000
34	S	O	0.999964	0.000002	0.000003	0.000021	0.000000	0.000000	0.000000	0.000000	0.000000	0.000000	0.000000	0.000000	0.000000	0.000000	0.000000	0.000000	0.000000	0.000000
35	T	O	0.999968	0.000002	0.000002	0.000017	0.000000	0.000000	0.000000	0.000000	0.000000	0.000000	0.000000	0.000000	0.000000	0.000000	0.000000	0.000000	0.000000	0.000000
36	A	O	0.999973	0.000001	0.000002	0.000014	0.000000	0.000000	0.000000	0.000000	0.000000	0.000000	0.000000	0.000000	0.000000	0.000000	0.000000	0.000000	0.000000	0.000000
37	D	O	0.999980	0.000001	0.000001	0.000011	0.000000	0.000000	0.000000	0.000000	0.000000	0.000000	0.000000	0.000000	0.000000	0.000000	0.000000	0.000000	0.000000	0.000000
38	G	O	0.999984	0.000001	0.000001	0.000009	0.000000	0.000000	0.000000	0.000000	0.000000	0.000000	0.000000	0.000000	0.000000	0.000000	0.000000	0.000000	0.000000	0.000000
39	T	O	0.999986	0.000001	0.000001	0.000007	0.000000	0.000000	0.000000	0.000000	0.000000	0.000000	0.000000	0.000000	0.000000	0.000000	0.000000	0.000000	0.000000	0.000000
40	F	O	0.999983	0.000001	0.000001	0.000005	0.000000	0.000000	0.000000	0.000000	0.000000	0.000000	0.000000	0.000000	0.000000	0.000000	0.000000	0.000000	0.000000	0.000000
41	G	O	0.999981	0.000001	0.000001	0.000004	0.000000	0.000000	0.000000	0.000000	0.000000	0.000000	0.000000	0.000000	0.000000	0.000000	0.000000	0.000000	0.000000	0.000000
42	G	O	0.999984	0.000001	0.000001	0.000004	0.000000	0.000000	0.000000	0.000000	0.000000	0.000000	0.000000	0.000000	0.000000	0.000000	0.000000	0.000000	0.000000	0.000000
43	I	O	0.999985	0.000001	0.000001	0.000003	0.000000	0.000000	0.000000	0.000001	0.000000	0.000000	0.000000	0.000000	0.000000	0.000000	0.000000	0.000001	0.000000	0.000000
44	A	O	0.999987	0.000001	0.000001	0.000003	0.000001	0.000001	0.000000	0.000001	0.000000	0.000000	0.000000	0.000000	0.000000	0.000000	0.000000	0.000001	0.000000	0.000000
45	I	O	0.999984	0.000000	0.000001	0.000002	0.000001	0.000001	0.000000	0.000001	0.000000	0.000000	0.000000	0.000000	0.000000	0.000000	0.000000	0.000001	0.000000	0.000000
46	S	O	0.999986	0.000000	0.000001	0.000002	0.000001	0.000001	0.000000	0.000002	0.000000	0.000001	0.000000	0.000000	0.000000	0.000000	0.000000	0.000002	0.000001	0.000000
47	P	O	0.999982	0.000000	0.000001	0.000002	0.000001	0.000001	0.000000	0.000003	0.000000	0.000001	0.000001	0.000000	0.000000	0.000000	0.000000	0.000002	0.000001	0.000001
48	G	O	0.999979	0.000000	0.000000	0.000002	0.000002	0.000002	0.000000	0.000004	0.000001	0.000001	0.000001	0.000000	0.000000	0.000000	0.000000	0.000003	0.000001	0.000001
49	F	O	0.999980	0.000000	0.000000	0.000002	0.000002	0.000002	0.000001	0.000006	0.000001	0.000002	0.000001	0.000000	0.000000	0.000000	0.000000	0.000004	0.000001	0.000001
50	T	O	0.999970	0.000000	0.000000	0.000002	0.000003	0.000003	0.000001	0.000008	0.000001	0.000003	0.000002	0.000000	0.000000	0.000000	0.000000	0.000005	0.000001	0.000001
51	A	O	0.999960	0.000000	0.000000	0.000002	0.000004	0.000004	0.000001	0.000010	0.000001	0.000004	0.000002	0.000000	0.000000	0.000000	0.000000	0.000006	0.000001	0.000001
52	Y	O	0.999959	0.000000	0.000000	0.000002	0.000004	0.000004	0.000001	0.000014	0.000002	0.000005	0.000003	0.000001	0.000000	0.000001	0.000000	0.000008	0.000002	0.000002
53	W	O	0.999949	0.000000	0.000000	0.000001	0.000005	0.000005	0.000001	0.000017	0.000002	0.000007	0.000004	0.000001	0.000000	0.000001	0.000000	0.000009	0.000002	0.000002
54	S	O	0.999931	0.000000	0.000000	0.000001	0.000006	0.000007	0.000001	0.000021	0.000003	0.000008	0.000006	0.000001	0.000000	0.000001	0.000001	0.000012	0.000003	0.000003
55	S	O	0.999913	0.000000	0.000000	0.000001	0.000007	0.000008	0.000002	0.000027	0.000003	0.000011	0.000007	0.000001	0.000000	0.000001	0.000001	0.000014	0.000004	0.000003
56	I	O	0.999894	0.000000	0.000000	0.000001	0.000008	0.000009	0.000002	0.000031	0.000005	0.000014	0.000010	0.000001	0.000000	0.000001	0.000001	0.000016	0.000005	0.000004
57	S	O	0.999871	0.000000	0.000000	0.000001	0.000009	0.000011	0.000002	0.000039	0.000005	0.000017	0.000014	0.000002	0.000000	0.000002	0.000001	0.000019	0.000006	0.000005
58	W	O	0.999848	0.000000	0.000000	0.000001	0.000010	0.000012	0.000003	0.000045	0.000005	0.000022	0.000017	0.000002	0.000001	0.000002	0.000002	0.000022	0.000007	0.000006
59	L	O	0.999824	0.000000	0.000000	0.000001	0.000011	0.000013	0.000003	0.000049	0.000006	0.000028	0.000022	0.000002	0.000001	0.000003	0.000002	0.000026	0.000008	0.000007
60	G	O	0.999795	0.000000	0.000000	0.000001	0.000013	0.000014	0.000004	0.000055	0.000007	0.000032	0.000030	0.000002	0.000001	0.000003	0.000003	0.000032	0.000007	0.000008
61	P	O	0.999758	0.000000	0.000000	0.000001	0.000015	0.000016	0.000004	0.000059	0.000009	0.000037	0.000041	0.000002	0.000001	0.000003	0.000003	0.000040	0.000008	0.000009
62	R	O	0.999713	0.000000	0.000000	0.000000	0.000016	0.000019	0.000004	0.000063	0.000012	0.000044	0.000054	0.000003	0.000001	0.000004	0.000004	0.000049	0.000011	0.000009
63	L	O	0.999661	0.000000	0.000000	0.000000	0.000014	0.000026	0.000005	0.000072	0.000007	0.000059	0.000065	0.000003	0.000001	0.000006	0.000005	0.000054	0.000017	0.000012
64	A	O	0.999600	0.000000	0.000000	0.000000	0.000011	0.000032	0.000005	0.000068	0.000007	0.000076	0.000088	0.000002	0.000000	0.000008	0.000006	0.000057	0.000024	0.000016
65	S	O	0.999550	0.000000	0.000000	0.000000	0.000007	0.000036	0.000008	0.000056	0.000004	0.000089	0.000118	0.000002	0.000000	0.000010	0.000008	0.000054	0.000034	0.000024
66	H	O	0.999541	0.000000	0.000000	0.000000	0.000003	0.000036	0.000013	0.000031	0.000003	0.000096	0.000145	0.000001	0.000000	0.000012	0.000010	0.000042	0.000042	0.000033
67	G	O	0.999554	0.000000	0.000000	0.000000	0.000000	0.000033	0.000014	0.000017	0.000000	0.000076	0.000174	0.000000	0.000000	0.000013	0.000012	0.000022	0.000048	0.000044
68	F	O	0.999637	0.000000	0.000000	0.000000	0.000000	0.000019	0.000022	0.000000	0.000000	0.000053	0.000152	0.000000	0.000000	0.000009	0.000018	0.000000	0.000041	0.000055
69	V	O	0.999759	0.000000	0.000000	0.000000	0.000000	0.000000	0.000027	0.000000	0.000000	0.000000	0.000127	0.000000	0.000000	0.000000	0.000025	0.000000	0.000000	0.000065
70	V	O	1.000003	0.000000	0.000000	0.000000	0.000000	0.000000	0.000000	0.000000	0.000000	0.000000	0.000000	0.000000	0.000000	0.000000	0.000000	0.000000	0.000000	0.000000
