# Name=tournament_wt_271
# pos	aa	label	Other	Sec/SPI n	Sec/SPI h	Sec/SPI c	Sec/SPII n	Sec/SPII h	Sec/SPII cys	Tat/SPI n	Tat/SPI RR	Tat/SPI h	Tat/SPI c	Tat/SPII n	Tat/SPII RR	Tat/SPII h	Tat/SPII cys	Sec/SPIII P	Sec/SPIII cons.	Sec/SPIII h
1	A	O	0.988701	0.011025	0.000000	0.000000	0.000247	0.000000	0.000000	0.000001	0.000000	0.000000	0.000000	0.000000	0.000000	0.000000	0.000000	0.000019	0.000000	0.000000
2	I	O	0.988706	0.009031	0.001994	0.000000	0.000202	0.000045	0.000000	0.000001	0.000000	0.000000	0.000000	0.000000	0.000000	0.000000	0.000000	0.000016	0.000003	0.000000
3	L	O	0.988708	0.008042	0.002506	0.000477	0.000173	0.000074	0.000000	0.000001	0.000000	0.000000	0.000000	0.000000	0.000000	0.000000	0.000000	0.000014	0.000003	0.000002
4	E	O	0.988726	0.007390	0.002484	0.001132	0.000151	0.000087	0.000008	0.000000	0.000000	0.000000	0.000000	0.000000	0.000000	0.000000	0.000000	0.000013	0.000002	0.000002
5	A	O	0.988788	0.006736	0.002588	0.001623	0.000132	0.000092	0.000015	0.000000	0.000000	0.000000	0.000000	0.000000	0.000000	0.000000	0.000000	0.000011	0.000002	0.000002
6	S	O	0.988897	0.006147	0.002618	0.002091	0.000116	0.000093	0.000015	0.000000	0.000000	0.000000	0.000000	0.000000	0.000000	0.000000	0.000000	0.000010	0.000002	0.000002
7	R	O	0.989036	0.005542	0.002705	0.002488	0.000101	0.000088	0.000019	0.000000	0.000000	0.000000	0.000000	0.000000	0.000000	0.000000	0.000000	0.000009	0.000002	0.000002
8	G	O	0.989241	0.004841	0.002991	0.002726	0.000086	0.000087	0.000016	0.000000	0.000000	0.000000	0.000000	0.000000	0.000000	0.000000	0.000000	0.000008	0.000001	0.000001
9	P	O	0.989509	0.004116	0.003363	0.002825	0.000071	0.000088	0.000014	0.000000	0.000000	0.000000	0.000000	0.000000	0.000000	0.000000	0.000000	0.000007	0.000001	0.000001
10	F	O	0.989799	0.003318	0.003845	0.002869	0.000056	0.000092	0.000012	0.000000	0.000000	0.000000	0.000000	0.000000	0.000000	0.000000	0.000000	0.000006	0.000001	0.000001
11	S	O	0.990103	0.002619	0.004198	0.002918	0.000043	0.000095	0.000010	0.000000	0.000000	0.000000	0.000000	0.000000	0.000000	0.000000	0.000000	0.000005	0.000001	0.000001
12	V	O	0.990588	0.001803	0.004797	0.002659	0.000031	0.000096	0.000011	0.000000	0.000000	0.000000	0.000000	0.000000	0.000000	0.000000	0.000000	0.000004	0.000002	0.000001
13	A	O	0.991015	0.001326	0.004924	0.002598	0.000023	0.000094	0.000010	0.000000	0.000000	0.000000	0.000000	0.000000	0.000000	0.000000	0.000000	0.000004	0.000001	0.000001
14	T	O	0.991470	0.000941	0.004952	0.002516	0.000016	0.000089	0.000012	0.000000	0.000000	0.000000	0.000000	0.000000	0.000000	0.000000	0.000000	0.000003	0.000001	0.000001
15	T	O	0.991866	0.000646	0.004808	0.002570	0.000011	0.000083	0.000011	0.000000	0.000000	0.000000	0.000000	0.000000	0.000000	0.000000	0.000000	0.000002	0.000001	0.000001
16	S	O	0.992225	0.000443	0.004450	0.002781	0.000008	0.000073	0.000013	0.000000	0.000000	0.000000	0.000000	0.000000	0.000000	0.000000	0.000000	0.000002	0.000001	0.000001
17	V	O	0.992671	0.000280	0.004070	0.002895	0.000005	0.000063	0.000013	0.000000	0.000000	0.000000	0.000000	0.000000	0.000000	0.000000	0.000000	0.000001	0.000001	0.000001
18	S	O	0.993048	0.000178	0.003439	0.003262	0.000003	0.000053	0.000011	0.000000	0.000000	0.000000	0.000000	0.000000	0.000000	0.000000	0.000000	0.000001	0.000001	0.000001
19	S	O	0.993503	0.000105	0.002801	0.003528	0.000002	0.000043	0.000011	0.000000	0.000000	0.000000	0.000000	0.000000	0.000000	0.000000	0.000000	0.000001	0.000000	0.000001
20	L	O	0.994109	0.000058	0.002218	0.003567	0.000001	0.000034	0.000010	0.000000	0.000000	0.000000	0.000000	0.000000	0.000000	0.000000	0.000000	0.000000	0.000000	0.000000
21	V	O	0.994584	0.000034	0.001440	0.003903	0.000001	0.000027	0.000007	0.000000	0.000000	0.000000	0.000000	0.000000	0.000000	0.000000	0.000000	0.000000	0.000000	0.000000
22	S	O	0.995107	0.000024	0.000725	0.004114	0.000000	0.000020	0.000007	0.000000	0.000000	0.000000	0.000000	0.000000	0.000000	0.000000	0.000000	0.000000	0.000000	0.000000
23	G	O	0.995911	0.000018	0.000325	0.003722	0.000000	0.000012	0.000008	0.000000	0.000000	0.000000	0.000000	0.000000	0.000000	0.000000	0.000000	0.000000	0.000000	0.000000
24	F	O	0.997308	0.000015	0.000189	0.002480	0.000000	0.000007	0.000006	0.000000	0.000000	0.000000	0.000000	0.000000	0.000000	0.000000	0.000000	0.000000	0.000000	0.000000
25	G	O	0.998190	0.000012	0.000098	0.001693	0.000000	0.000003	0.000003	0.000000	0.000000	0.000000	0.000000	0.000000	0.000000	0.000000	0.000000	0.000000	0.000000	0.000000
26	G	O	0.999014	0.000011	0.000064	0.000908	0.000000	0.000002	0.000002	0.000000	0.000000	0.000000	0.000000	0.000000	0.000000	0.000000	0.000000	0.000000	0.000000	0.000000
27	G	O	0.999473	0.000009	0.000047	0.000473	0.000000	0.000001	0.000001	0.000000	0.000000	0.000000	0.000000	0.000000	0.000000	0.000000	0.000000	0.000000	0.000000	0.000000
28	T	O	0.999717	0.000008	0.000037	0.000239	0.000000	0.000000	0.000000	0.000000	0.000000	0.000000	0.000000	0.000000	0.000000	0.000000	0.000000	0.000000	0.000000	0.000000
29	I	O	0.999820	0.000006	0.000030	0.000144	0.000000	0.000000	0.000000	0.000000	0.000000	0.000000	0.000000	0.000000	0.000000	0.000000	0.000000	0.000000	0.000000	0.000000
30	Y	O	0.999872	0.000005	0.000024	0.000099	0.000000	0.000000	0.000000	0.000000	0.000000	0.000000	0.000000	0.000000	0.000000	0.000000	0.000000	0.000000	0.000000	0.000000
31	Y	O	0.999900	0.000004	0.000019	0.000074	0.000000	0.000000	0.000000	0.000000	0.000000	0.000000	0.000000	0.000000	0.000000	0.000000	0.000000	0.000000	0.000000	0.000000
32	P	O	0.999923	0.000004	0.000015	0.000061	0.000000	0.000000	0.000000	0.000000	0.000000	0.000000	0.000000	0.000000	0.000000	0.000000	0.000000	0.000000	0.000000	0.000000
33	T	O	0.999936	0.000003	0.000012	0.000053	0.000000	0.000000	0.000000	0.000000	0.000000	0.000000	0.000000	0.000000	0.000000	0.000000	0.000000	0.000000	0.000000	0.000000
34	D	O	0.999942	0.000003	0.000009	0.000050	0.000000	0.000000	0.000000	0.000000	0.000000	0.000000	0.000000	0.000000	0.000000	0.000000	0.000000	0.000000	0.000000	0.000000
35	T	O	0.999946	0.000002	0.000006	0.000048	0.000000	0.000000	0.000000	0.000000	0.000000	0.000000	0.000000	0.000000	0.000000	0.000000	0.000000	0.000000	0.000000	0.000000
36	S	O	0.999951	0.000002	0.000004	0.000046	0.000000	0.000000	0.000000	0.000000	0.000000	0.000000	0.000000	0.000000	0.000000	0.000000	0.000000	0.000000	0.000000	0.000000
37	Q	O	0.999956	0.000002	0.000003	0.000043	0.000000	0.000000	0.000000	0.000000	0.000000	0.000000	0.000000	0.000000	0.000000	0.000000	0.000000	0.000000	0.000000	0.000000
38	G	O	0.999956	0.000001	0.000002	0.000040	0.000000	0.000000	0.000000	0.000000	0.000000	0.000000	0.000000	0.000000	0.000000	0.000000	0.000000	0.000000	0.000000	0.000000
39	T	O	0.999968	0.000001	0.000002	0.000036	0.000000	0.000000	0.000000	0.000000	0.000000	0.000000	0.000000	0.000000	0.000000	0.000000	0.000000	0.000000	0.000000	0.000000
40	F	O	0.999967	0.000001	0.000001	0.000031	0.000000	0.000000	0.000000	0.000000	0.000000	0.000000	0.000000	0.000000	0.000000	0.000000	0.000000	0.000000	0.000000	0.000000
41	G	O	0.999976	0.000001	0.000001	0.000027	0.000000	0.000000	0.000000	0.000000	0.000000	0.000000	0.000000	0.000000	0.000000	0.000000	0.000000	0.000000	0.000000	0.000000
42	A	O	0.999979	0.000001	0.000001	0.000023	0.000000	0.000000	0.000000	0.000000	0.000000	0.000000	0.000000	0.000000	0.000000	0.000000	0.000000	0.000000	0.000000	0.000000
43	I	O	0.999990	0.000001	0.000001	0.000020	0.000000	0.000000	0.000000	0.000000	0.000000	0.000000	0.000000	0.000000	0.000000	0.000000	0.000000	0.000000	0.000000	0.000000
44	A	O	0.999987	0.000000	0.000001	0.000017	0.000000	0.000000	0.000000	0.000000	0.000000	0.000000	0.000000	0.000000	0.000000	0.000000	0.000000	0.000000	0.000000	0.000000
45	I	O	0.999991	0.000000	0.000001	0.000015	0.000000	0.000000	0.000000	0.000000	0.000000	0.000000	0.000000	0.000000	0.000000	0.000000	0.000000	0.000001	0.000000	0.000000
46	S	O	1.000000	0.000000	0.000001	0.000013	0.000000	0.000000	0.000000	0.000000	0.000000	0.000000	0.000000	0.000000	0.000000	0.000000	0.000000	0.000001	0.000000	0.000000
47	P	O	1.000002	0.000000	0.000000	0.000011	0.000000	0.000000	0.000000	0.000000	0.000000	0.000000	0.000000	0.000000	0.000000	0.000000	0.000000	0.000001	0.000000	0.000000
48	G	O	0.999994	0.000000	0.000000	0.000010	0.000000	0.000001	0.000000	0.000001	0.000000	0.000000	0.000000	0.000000	0.000000	0.000000	0.000000	0.000001	0.000000	0.000000
49	Y	O	0.999999	0.000000	0.000000	0.000008	0.000000	0.000001	0.000000	0.000001	0.000000	0.000000	0.000001	0.000000	0.000000	0.000000	0.000000	0.000001	0.000000	0.000000
50	T	O	1.000002	0.000000	0.000000	0.000007	0.000001	0.000001	0.000000	0.000001	0.000000	0.000001	0.000001	0.000000	0.000000	0.000000	0.000000	0.000001	0.000000	0.000000
51	A	O	0.999998	0.000000	0.000000	0.000006	0.000001	0.000001	0.000000	0.000001	0.000000	0.000001	0.000001	0.000000	0.000000	0.000000	0.000000	0.000002	0.000000	0.000001
52	R	O	0.999994	0.000000	0.000000	0.000005	0.000001	0.000001	0.000000	0.000001	0.000000	0.000001	0.000001	0.000000	0.000000	0.000000	0.000000	0.000002	0.000001	0.000001
53	W	O	0.999996	0.000000	0.000000	0.000004	0.000001	0.000001	0.000000	0.000002	0.000000	0.000001	0.000001	0.000000	0.000000	0.000000	0.000000	0.000002	0.000001	0.000001
54	S	O	0.999999	0.000000	0.000000	0.000003	0.000001	0.000001	0.000000	0.000003	0.000000	0.000001	0.000002	0.000000	0.000000	0.000000	0.000000	0.000003	0.000001	0.000001
55	S	O	0.999992	0.000000	0.000000	0.000003	0.000001	0.000001	0.000001	0.000004	0.000000	0.000002	0.000002	0.000000	0.000000	0.000000	0.000000	0.000004	0.000001	0.000001
56	L	O	0.999989	0.000000	0.000000	0.000002	0.000002	0.000002	0.000001	0.000005	0.000001	0.000003	0.000003	0.000000	0.000000	0.000000	0.000000	0.000004	0.000001	0.000001
57	E	O	0.999980	0.000000	0.000000	0.000002	0.000002	0.000002	0.000001	0.000007	0.000001	0.000003	0.000004	0.000000	0.000000	0.000000	0.000000	0.000006	0.000002	0.000002
58	W	O	0.999974	0.000000	0.000000	0.000001	0.000002	0.000002	0.000001	0.000009	0.000001	0.000005	0.000005	0.000000	0.000000	0.000000	0.000000	0.000007	0.000002	0.000002
59	L	O	0.999959	0.000000	0.000000	0.000001	0.000003	0.000003	0.000001	0.000011	0.000001	0.000007	0.000007	0.000000	0.000000	0.000001	0.000001	0.000008	0.000002	0.000003
60	G	O	0.999942	0.000000	0.000000	0.000001	0.000003	0.000004	0.000001	0.000015	0.000002	0.000009	0.000010	0.000000	0.000000	0.000001	0.000001	0.000011	0.000003	0.000003
61	P	O	0.999929	0.000000	0.000000	0.000001	0.000004	0.000005	0.000002	0.000018	0.000003	0.000012	0.000015	0.000001	0.000000	0.000001	0.000001	0.000014	0.000004	0.000004
62	R	O	0.999899	0.000000	0.000000	0.000001	0.000005	0.000006	0.000002	0.000022	0.000003	0.000016	0.000022	0.000001	0.000000	0.000001	0.000001	0.000018	0.000005	0.000004
63	I	O	0.999870	0.000000	0.000000	0.000001	0.000004	0.000008	0.000002	0.000026	0.000003	0.000023	0.000030	0.000001	0.000000	0.000002	0.000002	0.000021	0.000007	0.000006
64	A	O	0.999842	0.000000	0.000000	0.000000	0.000004	0.000010	0.000002	0.000027	0.000003	0.000030	0.000044	0.000001	0.000000	0.000003	0.000003	0.000023	0.000010	0.000008
65	S	O	0.999809	0.000000	0.000000	0.000000	0.000002	0.000011	0.000004	0.000024	0.000002	0.000036	0.000060	0.000001	0.000000	0.000004	0.000004	0.000022	0.000013	0.000011
66	H	O	0.999804	0.000000	0.000000	0.000000	0.000001	0.000011	0.000006	0.000015	0.000001	0.000040	0.000071	0.000000	0.000000	0.000004	0.000005	0.000017	0.000017	0.000015
67	G	O	0.999809	0.000000	0.000000	0.000000	0.000000	0.000010	0.000006	0.000009	0.000000	0.000033	0.000083	0.000000	0.000000	0.000004	0.000006	0.000009	0.000018	0.000019
68	F	O	0.999846	0.000000	0.000000	0.000000	0.000000	0.000006	0.000008	0.000000	0.000000	0.000026	0.000076	0.000000	0.000000	0.000003	0.000008	0.000000	0.000016	0.000023
69	V	O	0.999882	0.000000	0.000000	0.000000	0.000000	0.000000	0.000009	0.000000	0.000000	0.000000	0.000071	0.000000	0.000000	0.000000	0.000013	0.000000	0.000000	0.000026
70	V	O	1.000003	0.000000	0.000000	0.000000	0.000000	0.000000	0.000000	0.000000	0.000000	0.000000	0.000000	0.000000	0.000000	0.000000	0.000000	0.000000	0.000000	0.000000
