# Name=tournament_wt_225
# pos	aa	label	Other	Sec/SPI n	Sec/SPI h	Sec/SPI c	Sec/SPII n	Sec/SPII h	Sec/SPII cys	Tat/SPI n	Tat/SPI RR	Tat/SPI h	Tat/SPI c	Tat/SPII n	Tat/SPII RR	Tat/SPII h	Tat/SPII cys	Sec/SPIII P	Sec/SPIII cons.	Sec/SPIII h
1	T	O	0.965938	0.033844	0.000000	0.000000	0.000188	0.000000	0.000000	0.000001	0.000000	0.000000	0.000000	0.000000	0.000000	0.000000	0.000000	0.000019	0.000000	0.000000
2	G	O	0.965942	0.025212	0.008632	0.000000	0.000141	0.000047	0.000000	0.000000	0.000000	0.000000	0.000000	0.000000	0.000000	0.000000	0.000000	0.000016	0.000002	0.000000
3	I	O	0.965940	0.019095	0.012355	0.002394	0.000105	0.000083	0.000000	0.000000	0.000000	0.000000	0.000000	0.000000	0.000000	0.000000	0.000000	0.000014	0.000003	0.000002
4	E	O	0.966040	0.015022	0.012453	0.006276	0.000079	0.000099	0.000010	0.000000	0.000000	0.000000	0.000000	0.000000	0.000000	0.000000	0.000000	0.000012	0.000003	0.000003
5	A	O	0.966381	0.011384	0.012505	0.009529	0.000059	0.000101	0.000019	0.000000	0.000000	0.000000	0.000000	0.000000	0.000000	0.000000	0.000000	0.000010	0.000002	0.000002
6	S	O	0.967020	0.008669	0.011531	0.012600	0.000044	0.000095	0.000021	0.000000	0.000000	0.000000	0.000000	0.000000	0.000000	0.000000	0.000000	0.000009	0.000002	0.000002
7	R	O	0.967881	0.006442	0.010159	0.015361	0.000032	0.000083	0.000024	0.000000	0.000000	0.000000	0.000000	0.000000	0.000000	0.000000	0.000000	0.000007	0.000002	0.000002
8	G	O	0.969023	0.004567	0.008794	0.017487	0.000022	0.000072	0.000021	0.000000	0.000000	0.000000	0.000000	0.000000	0.000000	0.000000	0.000000	0.000006	0.000002	0.000002
9	P	O	0.970567	0.003222	0.007197	0.018908	0.000015	0.000060	0.000019	0.000000	0.000000	0.000000	0.000000	0.000000	0.000000	0.000000	0.000000	0.000005	0.000002	0.000002
10	F	O	0.972610	0.002153	0.005947	0.019201	0.000009	0.000050	0.000016	0.000000	0.000000	0.000000	0.000000	0.000000	0.000000	0.000000	0.000000	0.000004	0.000002	0.000002
11	A	O	0.974960	0.001490	0.004361	0.019118	0.000006	0.000041	0.000013	0.000000	0.000000	0.000000	0.000000	0.000000	0.000000	0.000000	0.000000	0.000003	0.000001	0.000001
12	T	O	0.978181	0.001018	0.003261	0.017489	0.000004	0.000029	0.000014	0.000000	0.000000	0.000000	0.000000	0.000000	0.000000	0.000000	0.000000	0.000002	0.000001	0.000001
13	A	O	0.982090	0.000702	0.002413	0.014758	0.000002	0.000020	0.000010	0.000000	0.000000	0.000000	0.000000	0.000000	0.000000	0.000000	0.000000	0.000001	0.000001	0.000001
14	Q	O	0.986484	0.000494	0.001806	0.011187	0.000001	0.000013	0.000008	0.000000	0.000000	0.000000	0.000000	0.000000	0.000000	0.000000	0.000000	0.000001	0.000001	0.000001
15	M	O	0.989758	0.000344	0.001320	0.008559	0.000001	0.000009	0.000005	0.000000	0.000000	0.000000	0.000000	0.000000	0.000000	0.000000	0.000000	0.000001	0.000000	0.000001
16	G	O	0.992316	0.000247	0.000907	0.006514	0.000001	0.000006	0.000003	0.000000	0.000000	0.000000	0.000000	0.000000	0.000000	0.000000	0.000000	0.000001	0.000000	0.000000
17	V	O	0.994385	0.000180	0.000620	0.004802	0.000000	0.000004	0.000002	0.000000	0.000000	0.000000	0.000000	0.000000	0.000000	0.000000	0.000000	0.000000	0.000000	0.000000
18	A	O	0.995897	0.000139	0.000390	0.003564	0.000000	0.000003	0.000002	0.000000	0.000000	0.000000	0.000000	0.000000	0.000000	0.000000	0.000000	0.000000	0.000000	0.000000
19	P	O	0.997131	0.000112	0.000248	0.002499	0.000000	0.000002	0.000001	0.000000	0.000000	0.000000	0.000000	0.000000	0.000000	0.000000	0.000000	0.000000	0.000000	0.000000
20	G	O	0.998093	0.000092	0.000165	0.001643	0.000000	0.000001	0.000001	0.000000	0.000000	0.000000	0.000000	0.000000	0.000000	0.000000	0.000000	0.000000	0.000000	0.000000
21	N	O	0.998728	0.000078	0.000115	0.001068	0.000000	0.000001	0.000000	0.000000	0.000000	0.000000	0.000000	0.000000	0.000000	0.000000	0.000000	0.000000	0.000000	0.000000
22	G	O	0.999147	0.000066	0.000086	0.000690	0.000000	0.000000	0.000000	0.000000	0.000000	0.000000	0.000000	0.000000	0.000000	0.000000	0.000000	0.000000	0.000000	0.000000
23	F	O	0.999420	0.000056	0.000069	0.000448	0.000000	0.000000	0.000000	0.000000	0.000000	0.000000	0.000000	0.000000	0.000000	0.000000	0.000000	0.000000	0.000000	0.000000
24	N	O	0.999582	0.000049	0.000055	0.000308	0.000000	0.000000	0.000000	0.000000	0.000000	0.000000	0.000000	0.000000	0.000000	0.000000	0.000000	0.000000	0.000000	0.000000
25	G	O	0.999694	0.000042	0.000047	0.000211	0.000000	0.000000	0.000000	0.000000	0.000000	0.000000	0.000000	0.000000	0.000000	0.000000	0.000000	0.000000	0.000000	0.000000
26	G	O	0.999770	0.000035	0.000043	0.000145	0.000000	0.000000	0.000000	0.000000	0.000000	0.000000	0.000000	0.000000	0.000000	0.000000	0.000000	0.000000	0.000000	0.000000
27	V	O	0.999822	0.000030	0.000040	0.000101	0.000000	0.000000	0.000000	0.000000	0.000000	0.000000	0.000000	0.000000	0.000000	0.000000	0.000000	0.000000	0.000000	0.000000
28	V	O	0.999856	0.000025	0.000037	0.000077	0.000000	0.000000	0.000000	0.000000	0.000000	0.000000	0.000000	0.000000	0.000000	0.000000	0.000000	0.000000	0.000000	0.000000
29	Y	O	0.999879	0.000020	0.000034	0.000063	0.000000	0.000000	0.000000	0.000000	0.000000	0.000000	0.000000	0.000000	0.000000	0.000000	0.000000	0.000000	0.000000	0.000000
30	Y	O	0.999893	0.000016	0.000031	0.000055	0.000000	0.000000	0.000000	0.000000	0.000000	0.000000	0.000000	0.000000	0.000000	0.000000	0.000000	0.000000	0.000000	0.000000
31	P	O	0.999903	0.000013	0.000027	0.000051	0.000000	0.000000	0.000000	0.000000	0.000000	0.000000	0.000000	0.000000	0.000000	0.000000	0.000000	0.000000	0.000000	0.000000
32	T	O	0.999909	0.000010	0.000024	0.000049	0.000000	0.000000	0.000000	0.000000	0.000000	0.000000	0.000000	0.000000	0.000000	0.000000	0.000000	0.000000	0.000000	0.000000
33	D	O	0.999916	0.000008	0.000019	0.000050	0.000000	0.000000	0.000000	0.000000	0.000000	0.000000	0.000000	0.000000	0.000000	0.000000	0.000000	0.000000	0.000000	0.000000
34	T	O	0.999919	0.000006	0.000015	0.000051	0.000000	0.000000	0.000000	0.000000	0.000000	0.000000	0.000000	0.000000	0.000000	0.000000	0.000000	0.000000	0.000000	0.000000
35	S	O	0.999927	0.000005	0.000011	0.000052	0.000000	0.000000	0.000000	0.000000	0.000000	0.000000	0.000000	0.000000	0.000000	0.000000	0.000000	0.000000	0.000000	0.000000
36	L	O	0.999933	0.000004	0.000008	0.000050	0.000000	0.000000	0.000000	0.000000	0.000000	0.000000	0.000000	0.000000	0.000000	0.000000	0.000000	0.000000	0.000000	0.000000
37	G	O	0.999937	0.000003	0.000006	0.000048	0.000000	0.000000	0.000000	0.000000	0.000000	0.000000	0.000000	0.000000	0.000000	0.000000	0.000000	0.000000	0.000000	0.000000
38	T	O	0.999944	0.000002	0.000004	0.000043	0.000000	0.000000	0.000000	0.000000	0.000000	0.000000	0.000000	0.000000	0.000000	0.000000	0.000000	0.000000	0.000000	0.000000
39	W	O	0.999950	0.000002	0.000003	0.000035	0.000000	0.000000	0.000000	0.000000	0.000000	0.000000	0.000000	0.000000	0.000000	0.000000	0.000000	0.000000	0.000000	0.000000
40	G	O	0.999958	0.000001	0.000003	0.000028	0.000000	0.000000	0.000000	0.000000	0.000000	0.000000	0.000000	0.000000	0.000000	0.000000	0.000000	0.000000	0.000000	0.000000
41	A	O	0.999969	0.000001	0.000002	0.000020	0.000000	0.000000	0.000000	0.000000	0.000000	0.000000	0.000000	0.000000	0.000000	0.000000	0.000000	0.000000	0.000000	0.000000
42	L	O	0.999971	0.000001	0.000002	0.000015	0.000000	0.000000	0.000000	0.000000	0.000000	0.000000	0.000000	0.000000	0.000000	0.000000	0.000000	0.000000	0.000000	0.000000
43	A	O	0.999977	0.000001	0.000002	0.000011	0.000000	0.000000	0.000000	0.000000	0.000000	0.000000	0.000000	0.000000	0.000000	0.000000	0.000000	0.000000	0.000000	0.000000
44	I	O	0.999979	0.000000	0.000001	0.000008	0.000000	0.000000	0.000000	0.000000	0.000000	0.000000	0.000000	0.000000	0.000000	0.000000	0.000000	0.000000	0.000000	0.000000
45	V	O	0.999982	0.000000	0.000001	0.000006	0.000000	0.000000	0.000000	0.000000	0.000000	0.000000	0.000000	0.000000	0.000000	0.000000	0.000000	0.000000	0.000000	0.000000
46	P	O	0.999983	0.000000	0.000001	0.000005	0.000000	0.000000	0.000000	0.000000	0.000000	0.000000	0.000000	0.000000	0.000000	0.000000	0.000000	0.000000	0.000000	0.000000
47	G	O	0.999982	0.000000	0.000001	0.000004	0.000000	0.000000	0.000000	0.000000	0.000000	0.000000	0.000000	0.000000	0.000000	0.000000	0.000000	0.000001	0.000000	0.000000
48	Y	O	0.999984	0.000000	0.000000	0.000004	0.000001	0.000000	0.000000	0.000000	0.000000	0.000000	0.000000	0.000000	0.000000	0.000000	0.000000	0.000001	0.000000	0.000000
49	T	O	0.999981	0.000000	0.000000	0.000003	0.000001	0.000000	0.000000	0.000000	0.000000	0.000000	0.000000	0.000000	0.000000	0.000000	0.000000	0.000001	0.000000	0.000000
50	A	O	0.999985	0.000000	0.000000	0.000002	0.000001	0.000000	0.000000	0.000000	0.000000	0.000000	0.000000	0.000000	0.000000	0.000000	0.000000	0.000002	0.000000	0.000000
51	R	O	0.999985	0.000000	0.000000	0.000002	0.000002	0.000000	0.000000	0.000001	0.000000	0.000000	0.000000	0.000000	0.000000	0.000000	0.000000	0.000002	0.000000	0.000000
52	C	O	0.999983	0.000000	0.000000	0.000001	0.000004	0.000001	0.000000	0.000001	0.000000	0.000000	0.000000	0.000000	0.000000	0.000000	0.000000	0.000003	0.000000	0.000001
53	A	O	0.999976	0.000000	0.000000	0.000001	0.000005	0.000001	0.000000	0.000002	0.000000	0.000000	0.000000	0.000000	0.000000	0.000000	0.000000	0.000004	0.000001	0.000001
54	D	O	0.999970	0.000000	0.000000	0.000001	0.000009	0.000002	0.000000	0.000004	0.000001	0.000000	0.000000	0.000001	0.000000	0.000000	0.000000	0.000007	0.000001	0.000001
55	E	O	0.999949	0.000000	0.000000	0.000000	0.000014	0.000003	0.000001	0.000007	0.000002	0.000001	0.000001	0.000001	0.000000	0.000000	0.000000	0.000012	0.000001	0.000001
56	E	O	0.999915	0.000000	0.000000	0.000000	0.000022	0.000007	0.000001	0.000015	0.000002	0.000002	0.000001	0.000002	0.000001	0.000001	0.000000	0.000020	0.000001	0.000001
57	A	O	0.999870	0.000000	0.000000	0.000000	0.000031	0.000013	0.000001	0.000028	0.000004	0.000005	0.000002	0.000003	0.000001	0.000001	0.000001	0.000030	0.000003	0.000002
58	W	O	0.999799	0.000000	0.000000	0.000000	0.000041	0.000025	0.000001	0.000048	0.000006	0.000011	0.000003	0.000004	0.000001	0.000002	0.000001	0.000042	0.000008	0.000003
59	M	O	0.999707	0.000000	0.000000	0.000000	0.000045	0.000046	0.000003	0.000068	0.000010	0.000027	0.000006	0.000005	0.000002	0.000005	0.000001	0.000050	0.000020	0.000005
60	G	O	0.999592	0.000000	0.000000	0.000000	0.000052	0.000070	0.000005	0.000083	0.000017	0.000049	0.000011	0.000006	0.000002	0.000008	0.000002	0.000054	0.000036	0.000011
61	P	O	0.999472	0.000000	0.000000	0.000000	0.000053	0.000098	0.000013	0.000096	0.000018	0.000080	0.000018	0.000007	0.000002	0.000013	0.000003	0.000054	0.000053	0.000020
62	W	O	0.999379	0.000000	0.000000	0.000000	0.000038	0.000139	0.000013	0.000092	0.000012	0.000127	0.000027	0.000006	0.000002	0.000018	0.000003	0.000043	0.000071	0.000033
63	L	O	0.999305	0.000000	0.000000	0.000000	0.000024	0.000173	0.000013	0.000070	0.000013	0.000164	0.000045	0.000005	0.000001	0.000024	0.000004	0.000029	0.000081	0.000048
64	S	O	0.999235	0.000000	0.000000	0.000000	0.000020	0.000195	0.000021	0.000062	0.000007	0.000176	0.000080	0.000004	0.000001	0.000027	0.000007	0.000027	0.000068	0.000071
65	S	O	0.999208	0.000000	0.000000	0.000000	0.000013	0.000201	0.000038	0.000043	0.000003	0.000176	0.000118	0.000003	0.000000	0.000031	0.000008	0.000020	0.000059	0.000080
66	F	O	0.999235	0.000000	0.000000	0.000000	0.000004	0.000184	0.000059	0.000019	0.000002	0.000156	0.000154	0.000001	0.000000	0.000032	0.000010	0.000011	0.000049	0.000083
67	G	O	0.999305	0.000000	0.000000	0.000000	0.000000	0.000167	0.000053	0.000009	0.000000	0.000094	0.000214	0.000000	0.000000	0.000032	0.000012	0.000007	0.000038	0.000072
68	F	O	0.999412	0.000000	0.000000	0.000000	0.000000	0.000091	0.000110	0.000000	0.000000	0.000046	0.000194	0.000000	0.000000	0.000023	0.000026	0.000000	0.000027	0.000076
69	V	O	0.999586	0.000000	0.000000	0.000000	0.000000	0.000000	0.000127	0.000000	0.000000	0.000000	0.000161	0.000000	0.000000	0.000000	0.000049	0.000000	0.000000	0.000083
70	V	O	1.000003	0.000000	0.000000	0.000000	0.000000	0.000000	0.000000	0.000000	0.000000	0.000000	0.000000	0.000000	0.000000	0.000000	0.000000	0.000000	0.000000	0.000000
