# Name=tournament_wt_105
# pos	aa	label	Other	Sec/SPI n	Sec/SPI h	Sec/SPI c	Sec/SPII n	Sec/SPII h	Sec/SPII cys	Tat/SPI n	Tat/SPI RR	Tat/SPI h	Tat/SPI c	Tat/SPII n	Tat/SPII RR	Tat/SPII h	Tat/SPII cys	Sec/SPIII P	Sec/SPIII cons.	Sec/SPIII h
1	A	O	0.995721	0.004206	0.000000	0.000000	0.000061	0.000000	0.000000	0.000000	0.000000	0.000000	0.000000	0.000000	0.000000	0.000000	0.000000	0.000006	0.000000	0.000000
2	T	O	0.995719	0.003076	0.001130	0.000000	0.000049	0.000012	0.000000	0.000000	0.000000	0.000000	0.000000	0.000000	0.000000	0.000000	0.000000	0.000005	0.000001	0.000000
3	R	O	0.995716	0.002378	0.001461	0.000367	0.000039	0.000021	0.000000	0.000000	0.000000	0.000000	0.000000	0.000000	0.000000	0.000000	0.000000	0.000005	0.000001	0.000000
4	G	O	0.995746	0.001775	0.001639	0.000767	0.000030	0.000029	0.000002	0.000000	0.000000	0.000000	0.000000	0.000000	0.000000	0.000000	0.000000	0.000004	0.000001	0.000001
5	T	O	0.995835	0.001348	0.001623	0.001130	0.000022	0.000032	0.000004	0.000000	0.000000	0.000000	0.000000	0.000000	0.000000	0.000000	0.000000	0.000003	0.000001	0.000001
6	F	O	0.995995	0.000978	0.001635	0.001327	0.000016	0.000033	0.000006	0.000000	0.000000	0.000000	0.000000	0.000000	0.000000	0.000000	0.000000	0.000003	0.000001	0.000001
7	A	O	0.996249	0.000717	0.001549	0.001428	0.000011	0.000032	0.000006	0.000000	0.000000	0.000000	0.000000	0.000000	0.000000	0.000000	0.000000	0.000002	0.000001	0.000001
8	T	O	0.996666	0.000502	0.001533	0.001247	0.000008	0.000027	0.000008	0.000000	0.000000	0.000000	0.000000	0.000000	0.000000	0.000000	0.000000	0.000001	0.000001	0.000001
9	A	O	0.997080	0.000365	0.001421	0.001093	0.000005	0.000023	0.000006	0.000000	0.000000	0.000000	0.000000	0.000000	0.000000	0.000000	0.000000	0.000001	0.000001	0.000001
10	E	O	0.997481	0.000266	0.001302	0.000916	0.000004	0.000019	0.000006	0.000000	0.000000	0.000000	0.000000	0.000000	0.000000	0.000000	0.000000	0.000001	0.000000	0.000001
11	L	O	0.997763	0.000189	0.001145	0.000875	0.000002	0.000016	0.000004	0.000000	0.000000	0.000000	0.000000	0.000000	0.000000	0.000000	0.000000	0.000001	0.000000	0.000000
12	T	O	0.997966	0.000145	0.000885	0.000975	0.000002	0.000014	0.000003	0.000000	0.000000	0.000000	0.000000	0.000000	0.000000	0.000000	0.000000	0.000000	0.000000	0.000000
13	V	O	0.998199	0.000114	0.000647	0.001014	0.000001	0.000011	0.000003	0.000000	0.000000	0.000000	0.000000	0.000000	0.000000	0.000000	0.000000	0.000000	0.000000	0.000000
14	G	O	0.998424	0.000096	0.000425	0.001029	0.000001	0.000008	0.000003	0.000000	0.000000	0.000000	0.000000	0.000000	0.000000	0.000000	0.000000	0.000000	0.000000	0.000000
15	G	O	0.998681	0.000082	0.000275	0.000940	0.000000	0.000006	0.000003	0.000000	0.000000	0.000000	0.000000	0.000000	0.000000	0.000000	0.000000	0.000000	0.000000	0.000000
16	G	O	0.998963	0.000071	0.000187	0.000764	0.000000	0.000004	0.000002	0.000000	0.000000	0.000000	0.000000	0.000000	0.000000	0.000000	0.000000	0.000000	0.000000	0.000000
17	N	O	0.999179	0.000062	0.000131	0.000611	0.000000	0.000002	0.000001	0.000000	0.000000	0.000000	0.000000	0.000000	0.000000	0.000000	0.000000	0.000000	0.000000	0.000000
18	G	O	0.999357	0.000054	0.000098	0.000478	0.000000	0.000002	0.000001	0.000000	0.000000	0.000000	0.000000	0.000000	0.000000	0.000000	0.000000	0.000000	0.000000	0.000000
19	F	O	0.999501	0.000047	0.000075	0.000362	0.000000	0.000001	0.000001	0.000000	0.000000	0.000000	0.000000	0.000000	0.000000	0.000000	0.000000	0.000000	0.000000	0.000000
20	A	O	0.999617	0.000042	0.000055	0.000273	0.000000	0.000001	0.000000	0.000000	0.000000	0.000000	0.000000	0.000000	0.000000	0.000000	0.000000	0.000000	0.000000	0.000000
21	A	O	0.999713	0.000038	0.000044	0.000195	0.000000	0.000001	0.000000	0.000000	0.000000	0.000000	0.000000	0.000000	0.000000	0.000000	0.000000	0.000000	0.000000	0.000000
22	G	O	0.999785	0.000035	0.000037	0.000133	0.000000	0.000000	0.000000	0.000000	0.000000	0.000000	0.000000	0.000000	0.000000	0.000000	0.000000	0.000000	0.000000	0.000000
23	K	O	0.999841	0.000032	0.000033	0.000085	0.000000	0.000000	0.000000	0.000000	0.000000	0.000000	0.000000	0.000000	0.000000	0.000000	0.000000	0.000000	0.000000	0.000000
24	I	O	0.999865	0.000028	0.000030	0.000061	0.000000	0.000000	0.000000	0.000000	0.000000	0.000000	0.000000	0.000000	0.000000	0.000000	0.000000	0.000000	0.000000	0.000000
25	Y	O	0.999884	0.000025	0.000027	0.000049	0.000000	0.000000	0.000000	0.000000	0.000000	0.000000	0.000000	0.000000	0.000000	0.000000	0.000000	0.000000	0.000000	0.000000
26	Y	O	0.999898	0.000022	0.000024	0.000044	0.000000	0.000000	0.000000	0.000000	0.000000	0.000000	0.000000	0.000000	0.000000	0.000000	0.000000	0.000000	0.000000	0.000000
27	P	O	0.999904	0.000020	0.000021	0.000040	0.000000	0.000000	0.000000	0.000000	0.000000	0.000000	0.000000	0.000000	0.000000	0.000000	0.000000	0.000000	0.000000	0.000000
28	T	O	0.999916	0.000018	0.000018	0.000037	0.000000	0.000000	0.000000	0.000000	0.000000	0.000000	0.000000	0.000000	0.000000	0.000000	0.000000	0.000000	0.000000	0.000000
29	D	O	0.999916	0.000016	0.000015	0.000037	0.000000	0.000000	0.000000	0.000000	0.000000	0.000000	0.000000	0.000000	0.000000	0.000000	0.000000	0.000000	0.000000	0.000000
30	T	O	0.999923	0.000015	0.000012	0.000037	0.000000	0.000000	0.000000	0.000000	0.000000	0.000000	0.000000	0.000000	0.000000	0.000000	0.000000	0.000000	0.000000	0.000000
31	S	O	0.999925	0.000014	0.000009	0.000037	0.000000	0.000000	0.000000	0.000000	0.000000	0.000000	0.000000	0.000000	0.000000	0.000000	0.000000	0.000000	0.000000	0.000000
32	Q	O	0.999930	0.000012	0.000007	0.000036	0.000000	0.000000	0.000000	0.000000	0.000000	0.000000	0.000000	0.000000	0.000000	0.000000	0.000000	0.000000	0.000000	0.000000
33	G	O	0.999937	0.000011	0.000006	0.000034	0.000000	0.000000	0.000000	0.000000	0.000000	0.000000	0.000000	0.000000	0.000000	0.000000	0.000000	0.000000	0.000000	0.000000
34	T	O	0.999944	0.000010	0.000006	0.000030	0.000000	0.000000	0.000000	0.000000	0.000000	0.000000	0.000000	0.000000	0.000000	0.000000	0.000000	0.000000	0.000000	0.000000
35	F	O	0.999948	0.000009	0.000006	0.000026	0.000000	0.000000	0.000000	0.000000	0.000000	0.000000	0.000000	0.000000	0.000000	0.000000	0.000000	0.000000	0.000000	0.000000
36	G	O	0.999952	0.000008	0.000006	0.000023	0.000000	0.000000	0.000000	0.000000	0.000000	0.000000	0.000000	0.000000	0.000000	0.000000	0.000000	0.000000	0.000000	0.000000
37	A	O	0.999956	0.000007	0.000006	0.000019	0.000000	0.000000	0.000000	0.000000	0.000000	0.000000	0.000000	0.000000	0.000000	0.000000	0.000000	0.000000	0.000000	0.000000
38	I	O	0.999966	0.000006	0.000006	0.000017	0.000000	0.000000	0.000000	0.000000	0.000000	0.000000	0.000000	0.000000	0.000000	0.000000	0.000000	0.000000	0.000000	0.000000
39	A	O	0.999965	0.000005	0.000006	0.000015	0.000000	0.000000	0.000000	0.000000	0.000000	0.000000	0.000000	0.000000	0.000000	0.000000	0.000000	0.000000	0.000000	0.000000
40	I	O	0.999972	0.000004	0.000006	0.000014	0.000000	0.000000	0.000000	0.000000	0.000000	0.000000	0.000000	0.000000	0.000000	0.000000	0.000000	0.000000	0.000000	0.000000
41	V	O	0.999974	0.000004	0.000006	0.000014	0.000000	0.000000	0.000000	0.000000	0.000000	0.000000	0.000000	0.000000	0.000000	0.000000	0.000000	0.000000	0.000000	0.000000
42	P	O	0.999974	0.000003	0.000005	0.000015	0.000000	0.000000	0.000000	0.000000	0.000000	0.000000	0.000000	0.000000	0.000000	0.000000	0.000000	0.000000	0.000000	0.000000
43	G	O	0.999972	0.000003	0.000004	0.000015	0.000000	0.000000	0.000000	0.000000	0.000000	0.000000	0.000000	0.000000	0.000000	0.000000	0.000000	0.000000	0.000000	0.000000
44	Y	O	0.999974	0.000002	0.000003	0.000015	0.000000	0.000000	0.000000	0.000000	0.000000	0.000000	0.000000	0.000000	0.000000	0.000000	0.000000	0.000000	0.000000	0.000000
45	T	O	0.999976	0.000002	0.000002	0.000016	0.000000	0.000000	0.000000	0.000000	0.000000	0.000000	0.000000	0.000000	0.000000	0.000000	0.000000	0.000000	0.000000	0.000000
46	A	O	0.999981	0.000002	0.000002	0.000016	0.000000	0.000000	0.000000	0.000000	0.000000	0.000000	0.000000	0.000000	0.000000	0.000000	0.000000	0.000000	0.000000	0.000000
47	T	O	0.999982	0.000001	0.000001	0.000016	0.000001	0.000000	0.000000	0.000000	0.000000	0.000000	0.000000	0.000000	0.000000	0.000000	0.000000	0.000000	0.000000	0.000000
48	W	O	0.999987	0.000001	0.000001	0.000015	0.000001	0.000000	0.000000	0.000001	0.000000	0.000000	0.000000	0.000000	0.000000	0.000000	0.000000	0.000000	0.000000	0.000000
49	A	O	0.999986	0.000001	0.000000	0.000014	0.000001	0.000000	0.000000	0.000001	0.000000	0.000000	0.000000	0.000000	0.000000	0.000000	0.000000	0.000000	0.000000	0.000000
50	A	O	0.999987	0.000001	0.000000	0.000012	0.000002	0.000000	0.000000	0.000001	0.000000	0.000000	0.000000	0.000000	0.000000	0.000000	0.000000	0.000001	0.000000	0.000000
51	E	O	0.999986	0.000001	0.000000	0.000010	0.000002	0.000001	0.000000	0.000001	0.000000	0.000000	0.000000	0.000000	0.000000	0.000000	0.000000	0.000001	0.000000	0.000000
52	G	O	0.999987	0.000001	0.000000	0.000008	0.000002	0.000001	0.000000	0.000002	0.000000	0.000000	0.000000	0.000001	0.000000	0.000000	0.000000	0.000001	0.000000	0.000000
53	A	O	0.999984	0.000001	0.000000	0.000006	0.000003	0.000001	0.000000	0.000003	0.000001	0.000000	0.000000	0.000001	0.000000	0.000000	0.000000	0.000001	0.000000	0.000000
54	W	O	0.999978	0.000001	0.000000	0.000005	0.000003	0.000002	0.000000	0.000004	0.000000	0.000001	0.000000	0.000001	0.000000	0.000000	0.000000	0.000001	0.000000	0.000000
55	M	O	0.999974	0.000001	0.000000	0.000003	0.000003	0.000003	0.000000	0.000004	0.000001	0.000002	0.000000	0.000001	0.000000	0.000001	0.000000	0.000002	0.000001	0.000000
56	G	O	0.999966	0.000000	0.000001	0.000002	0.000004	0.000005	0.000000	0.000005	0.000001	0.000003	0.000000	0.000001	0.000001	0.000001	0.000000	0.000002	0.000001	0.000000
57	P	O	0.999964	0.000000	0.000001	0.000002	0.000004	0.000007	0.000000	0.000005	0.000001	0.000004	0.000001	0.000001	0.000001	0.000002	0.000000	0.000002	0.000002	0.000001
58	W	O	0.999958	0.000000	0.000001	0.000001	0.000003	0.000009	0.000000	0.000006	0.000001	0.000006	0.000001	0.000001	0.000000	0.000003	0.000000	0.000002	0.000002	0.000001
59	L	O	0.999954	0.000000	0.000001	0.000001	0.000002	0.000012	0.000001	0.000005	0.000001	0.000008	0.000001	0.000001	0.000000	0.000004	0.000000	0.000001	0.000003	0.000001
60	A	O	0.999950	0.000000	0.000001	0.000000	0.000002	0.000014	0.000001	0.000005	0.000001	0.000010	0.000002	0.000001	0.000000	0.000005	0.000000	0.000001	0.000003	0.000002
61	S	O	0.999946	0.000000	0.000001	0.000000	0.000002	0.000016	0.000001	0.000005	0.000001	0.000011	0.000003	0.000001	0.000000	0.000005	0.000001	0.000001	0.000003	0.000003
62	F	O	0.999944	0.000000	0.000001	0.000000	0.000002	0.000017	0.000002	0.000004	0.000001	0.000012	0.000004	0.000001	0.000000	0.000006	0.000001	0.000001	0.000003	0.000004
63	G	O	0.999941	0.000000	0.000000	0.000000	0.000002	0.000018	0.000002	0.000004	0.000001	0.000012	0.000006	0.000001	0.000000	0.000007	0.000001	0.000001	0.000003	0.000004
64	F	O	0.999942	0.000000	0.000000	0.000000	0.000002	0.000018	0.000003	0.000004	0.000001	0.000013	0.000007	0.000000	0.000000	0.000007	0.000001	0.000001	0.000003	0.000004
65	V	O	0.999934	0.000000	0.000000	0.000000	0.000001	0.000019	0.000003	0.000003	0.000000	0.000013	0.000010	0.000000	0.000000	0.000007	0.000001	0.000002	0.000004	0.000004
66	V	O	0.999934	0.000000	0.000000	0.000000	0.000001	0.000020	0.000003	0.000003	0.000000	0.000012	0.000013	0.000000	0.000000	0.000007	0.000002	0.000001	0.000005	0.000005
67	I	O	0.999932	0.000000	0.000000	0.000000	0.000000	0.000019	0.000006	0.000001	0.000000	0.000010	0.000017	0.000000	0.000000	0.000007	0.000003	0.000001	0.000005	0.000008
68	G	O	0.999935	0.000000	0.000000	0.000000	0.000000	0.000018	0.000005	0.000000	0.000000	0.000005	0.000023	0.000000	0.000000	0.000005	0.000006	0.000000	0.000004	0.000009
69	I	O	0.999947	0.000000	0.000000	0.000000	0.000000	0.000000	0.000024	0.000000	0.000000	0.000000	0.000016	0.000000	0.000000	0.000000	0.000010	0.000000	0.000000	0.000012
70	D	O	1.000003	0.000000	0.000000	0.000000	0.000000	0.000000	0.000000	0.000000	0.000000	0.000000	0.000000	0.000000	0.000000	0.000000	0.000000	0.000000	0.000000	0.000000
