# Name=tournament_wt_140
# pos	aa	label	Other	Sec/SPI n	Sec/SPI h	Sec/SPI c	Sec/SPII n	Sec/SPII h	Sec/SPII cys	Tat/SPI n	Tat/SPI RR	Tat/SPI h	Tat/SPI c	Tat/SPII n	Tat/SPII RR	Tat/SPII h	Tat/SPII cys	Sec/SPIII P	Sec/SPIII cons.	Sec/SPIII h
1	A	O	0.983205	0.016515	0.000000	0.000000	0.000201	0.000000	0.000000	0.000004	0.000000	0.000000	0.000000	0.000000	0.000000	0.000000	0.000000	0.000075	0.000000	0.000000
2	G	O	0.983207	0.010864	0.005652	0.000000	0.000143	0.000058	0.000000	0.000003	0.000000	0.000001	0.000000	0.000000	0.000000	0.000000	0.000000	0.000063	0.000012	0.000000
3	I	O	0.983208	0.006694	0.008482	0.001339	0.000094	0.000107	0.000000	0.000002	0.000000	0.000002	0.000000	0.000000	0.000000	0.000000	0.000000	0.000051	0.000015	0.000008
4	A	O	0.983283	0.004585	0.007965	0.003906	0.000066	0.000127	0.000009	0.000001	0.000000	0.000002	0.000001	0.000000	0.000000	0.000000	0.000000	0.000042	0.000013	0.000012
5	A	O	0.983526	0.003140	0.006938	0.006154	0.000045	0.000124	0.000024	0.000001	0.000000	0.000001	0.000001	0.000000	0.000000	0.000000	0.000000	0.000034	0.000012	0.000012
6	P	O	0.983991	0.002226	0.005402	0.008178	0.000031	0.000109	0.000029	0.000001	0.000000	0.000001	0.000002	0.000000	0.000000	0.000000	0.000000	0.000027	0.000010	0.000011
7	M	O	0.984807	0.001580	0.004214	0.009225	0.000021	0.000090	0.000029	0.000000	0.000000	0.000001	0.000002	0.000000	0.000000	0.000000	0.000000	0.000021	0.000009	0.000010
8	G	O	0.985900	0.001129	0.003158	0.009685	0.000015	0.000071	0.000025	0.000000	0.000000	0.000001	0.000001	0.000000	0.000000	0.000000	0.000000	0.000017	0.000007	0.000008
9	P	O	0.987239	0.000814	0.002314	0.009533	0.000010	0.000052	0.000023	0.000000	0.000000	0.000000	0.000001	0.000000	0.000000	0.000000	0.000000	0.000013	0.000006	0.000007
10	F	O	0.989033	0.000568	0.001815	0.008518	0.000007	0.000038	0.000018	0.000000	0.000000	0.000000	0.000001	0.000000	0.000000	0.000000	0.000000	0.000009	0.000005	0.000006
11	A	O	0.990821	0.000412	0.001341	0.007383	0.000004	0.000028	0.000012	0.000000	0.000000	0.000000	0.000001	0.000000	0.000000	0.000000	0.000000	0.000007	0.000004	0.000005
12	I	O	0.993090	0.000288	0.001103	0.005493	0.000003	0.000020	0.000010	0.000000	0.000000	0.000000	0.000000	0.000000	0.000000	0.000000	0.000000	0.000005	0.000003	0.000003
13	E	O	0.994464	0.000216	0.000782	0.004524	0.000002	0.000015	0.000007	0.000000	0.000000	0.000000	0.000000	0.000000	0.000000	0.000000	0.000000	0.000003	0.000002	0.000003
14	S	O	0.995884	0.000156	0.000612	0.003341	0.000001	0.000010	0.000005	0.000000	0.000000	0.000000	0.000000	0.000000	0.000000	0.000000	0.000000	0.000002	0.000002	0.000002
15	V	O	0.996992	0.000108	0.000488	0.002415	0.000001	0.000007	0.000003	0.000000	0.000000	0.000000	0.000000	0.000000	0.000000	0.000000	0.000000	0.000002	0.000001	0.000001
16	Q	O	0.997579	0.000077	0.000340	0.002011	0.000001	0.000005	0.000002	0.000000	0.000000	0.000000	0.000000	0.000000	0.000000	0.000000	0.000000	0.000001	0.000001	0.000001
17	V	O	0.998058	0.000054	0.000230	0.001663	0.000000	0.000004	0.000002	0.000000	0.000000	0.000000	0.000000	0.000000	0.000000	0.000000	0.000000	0.000001	0.000001	0.000001
18	P	O	0.998460	0.000040	0.000143	0.001362	0.000000	0.000002	0.000001	0.000000	0.000000	0.000000	0.000000	0.000000	0.000000	0.000000	0.000000	0.000001	0.000000	0.000001
19	R	O	0.998808	0.000030	0.000087	0.001083	0.000000	0.000002	0.000001	0.000000	0.000000	0.000000	0.000000	0.000000	0.000000	0.000000	0.000000	0.000000	0.000000	0.000000
20	G	O	0.999119	0.000023	0.000055	0.000814	0.000000	0.000001	0.000001	0.000000	0.000000	0.000000	0.000000	0.000000	0.000000	0.000000	0.000000	0.000000	0.000000	0.000000
21	N	O	0.999371	0.000018	0.000036	0.000583	0.000000	0.000001	0.000000	0.000000	0.000000	0.000000	0.000000	0.000000	0.000000	0.000000	0.000000	0.000000	0.000000	0.000000
22	G	O	0.999576	0.000014	0.000025	0.000397	0.000000	0.000000	0.000000	0.000000	0.000000	0.000000	0.000000	0.000000	0.000000	0.000000	0.000000	0.000000	0.000000	0.000000
23	F	O	0.999728	0.000011	0.000018	0.000256	0.000000	0.000000	0.000000	0.000000	0.000000	0.000000	0.000000	0.000000	0.000000	0.000000	0.000000	0.000000	0.000000	0.000000
24	G	O	0.999826	0.000009	0.000013	0.000165	0.000000	0.000000	0.000000	0.000000	0.000000	0.000000	0.000000	0.000000	0.000000	0.000000	0.000000	0.000000	0.000000	0.000000
25	G	O	0.999891	0.000007	0.000011	0.000102	0.000000	0.000000	0.000000	0.000000	0.000000	0.000000	0.000000	0.000000	0.000000	0.000000	0.000000	0.000000	0.000000	0.000000
26	G	O	0.999935	0.000006	0.000009	0.000062	0.000000	0.000000	0.000000	0.000000	0.000000	0.000000	0.000000	0.000000	0.000000	0.000000	0.000000	0.000000	0.000000	0.000000
27	V	O	0.999963	0.000004	0.000008	0.000038	0.000000	0.000000	0.000000	0.000000	0.000000	0.000000	0.000000	0.000000	0.000000	0.000000	0.000000	0.000000	0.000000	0.000000
28	I	O	0.999979	0.000003	0.000006	0.000026	0.000000	0.000000	0.000000	0.000000	0.000000	0.000000	0.000000	0.000000	0.000000	0.000000	0.000000	0.000000	0.000000	0.000000
29	Y	O	0.999986	0.000003	0.000005	0.000019	0.000000	0.000000	0.000000	0.000000	0.000000	0.000000	0.000000	0.000000	0.000000	0.000000	0.000000	0.000000	0.000000	0.000000
30	Y	O	0.999994	0.000002	0.000004	0.000014	0.000000	0.000000	0.000000	0.000000	0.000000	0.000000	0.000000	0.000000	0.000000	0.000000	0.000000	0.000000	0.000000	0.000000
31	P	O	0.999992	0.000002	0.000004	0.000011	0.000000	0.000000	0.000000	0.000000	0.000000	0.000000	0.000000	0.000000	0.000000	0.000000	0.000000	0.000000	0.000000	0.000000
32	T	O	0.999996	0.000001	0.000003	0.000010	0.000000	0.000000	0.000000	0.000000	0.000000	0.000000	0.000000	0.000000	0.000000	0.000000	0.000000	0.000000	0.000000	0.000000
33	D	O	1.000007	0.000001	0.000002	0.000009	0.000000	0.000000	0.000000	0.000000	0.000000	0.000000	0.000000	0.000000	0.000000	0.000000	0.000000	0.000000	0.000000	0.000000
34	T	O	1.000005	0.000001	0.000002	0.000008	0.000000	0.000000	0.000000	0.000000	0.000000	0.000000	0.000000	0.000000	0.000000	0.000000	0.000000	0.000000	0.000000	0.000000
35	S	O	1.000011	0.000001	0.000001	0.000007	0.000000	0.000000	0.000000	0.000000	0.000000	0.000000	0.000000	0.000000	0.000000	0.000000	0.000000	0.000000	0.000000	0.000000
36	Q	O	1.000011	0.000000	0.000001	0.000006	0.000000	0.000000	0.000000	0.000000	0.000000	0.000000	0.000000	0.000000	0.000000	0.000000	0.000000	0.000000	0.000000	0.000000
37	G	O	1.000013	0.000000	0.000001	0.000006	0.000000	0.000000	0.000000	0.000000	0.000000	0.000000	0.000000	0.000000	0.000000	0.000000	0.000000	0.000000	0.000000	0.000000
38	T	O	1.000012	0.000000	0.000000	0.000005	0.000000	0.000000	0.000000	0.000000	0.000000	0.000000	0.000000	0.000000	0.000000	0.000000	0.000000	0.000000	0.000000	0.000000
39	F	O	1.000015	0.000000	0.000000	0.000004	0.000000	0.000000	0.000000	0.000000	0.000000	0.000000	0.000000	0.000000	0.000000	0.000000	0.000000	0.000000	0.000000	0.000000
40	G	O	1.000016	0.000000	0.000000	0.000003	0.000000	0.000000	0.000000	0.000000	0.000000	0.000000	0.000000	0.000000	0.000000	0.000000	0.000000	0.000000	0.000000	0.000000
41	G	O	1.000017	0.000000	0.000000	0.000002	0.000000	0.000000	0.000000	0.000000	0.000000	0.000000	0.000000	0.000000	0.000000	0.000000	0.000000	0.000000	0.000000	0.000000
42	L	O	1.000021	0.000000	0.000000	0.000001	0.000000	0.000000	0.000000	0.000000	0.000000	0.000000	0.000000	0.000000	0.000000	0.000000	0.000000	0.000000	0.000000	0.000000
43	A	O	1.000019	0.000000	0.000000	0.000001	0.000000	0.000000	0.000000	0.000000	0.000000	0.000000	0.000000	0.000000	0.000000	0.000000	0.000000	0.000000	0.000000	0.000000
44	I	O	1.000017	0.000000	0.000000	0.000001	0.000000	0.000000	0.000000	0.000000	0.000000	0.000000	0.000000	0.000000	0.000000	0.000000	0.000000	0.000000	0.000000	0.000000
45	S	O	1.000019	0.000000	0.000000	0.000001	0.000000	0.000000	0.000000	0.000000	0.000000	0.000000	0.000000	0.000000	0.000000	0.000000	0.000000	0.000000	0.000000	0.000000
46	P	O	1.000019	0.000000	0.000000	0.000000	0.000000	0.000000	0.000000	0.000000	0.000000	0.000000	0.000000	0.000000	0.000000	0.000000	0.000000	0.000000	0.000000	0.000000
47	G	O	1.000012	0.000000	0.000000	0.000000	0.000000	0.000000	0.000000	0.000000	0.000000	0.000000	0.000000	0.000000	0.000000	0.000000	0.000000	0.000001	0.000000	0.000000
48	W	O	1.000016	0.000000	0.000000	0.000000	0.000000	0.000000	0.000000	0.000001	0.000000	0.000000	0.000000	0.000000	0.000000	0.000000	0.000000	0.000001	0.000000	0.000000
49	N	O	1.000009	0.000000	0.000000	0.000000	0.000000	0.000000	0.000000	0.000001	0.000000	0.000000	0.000000	0.000000	0.000000	0.000000	0.000000	0.000001	0.000000	0.000000
50	G	O	1.000010	0.000000	0.000000	0.000000	0.000001	0.000000	0.000000	0.000001	0.000000	0.000001	0.000001	0.000000	0.000000	0.000000	0.000000	0.000002	0.000000	0.000000
51	T	O	1.000006	0.000000	0.000000	0.000000	0.000001	0.000001	0.000000	0.000002	0.000000	0.000001	0.000001	0.000000	0.000000	0.000000	0.000000	0.000002	0.000001	0.000001
52	W	O	1.000006	0.000000	0.000000	0.000000	0.000001	0.000001	0.000000	0.000003	0.000000	0.000001	0.000001	0.000000	0.000000	0.000000	0.000000	0.000003	0.000001	0.000001
53	P	O	0.999995	0.000000	0.000000	0.000000	0.000002	0.000001	0.000000	0.000005	0.000001	0.000002	0.000002	0.000000	0.000000	0.000000	0.000000	0.000004	0.000001	0.000001
54	G	O	0.999991	0.000000	0.000000	0.000000	0.000002	0.000002	0.000000	0.000007	0.000001	0.000003	0.000002	0.000000	0.000000	0.000000	0.000000	0.000006	0.000001	0.000001
55	I	O	0.999980	0.000000	0.000000	0.000000	0.000002	0.000002	0.000001	0.000009	0.000001	0.000004	0.000003	0.000000	0.000000	0.000000	0.000000	0.000007	0.000002	0.000002
56	A	O	0.999976	0.000000	0.000000	0.000000	0.000003	0.000003	0.000001	0.000012	0.000002	0.000006	0.000005	0.000000	0.000000	0.000000	0.000000	0.000009	0.000002	0.000002
57	W	O	0.999960	0.000000	0.000000	0.000000	0.000004	0.000003	0.000001	0.000015	0.000002	0.000008	0.000007	0.000000	0.000000	0.000001	0.000001	0.000011	0.000003	0.000003
58	L	O	0.999950	0.000000	0.000000	0.000000	0.000005	0.000004	0.000001	0.000018	0.000002	0.000010	0.000009	0.000001	0.000000	0.000001	0.000001	0.000014	0.000003	0.000003
59	G	O	0.999930	0.000000	0.000000	0.000000	0.000006	0.000005	0.000001	0.000022	0.000003	0.000012	0.000013	0.000001	0.000000	0.000001	0.000001	0.000018	0.000004	0.000004
60	P	O	0.999900	0.000000	0.000000	0.000000	0.000008	0.000006	0.000001	0.000027	0.000004	0.000015	0.000018	0.000001	0.000000	0.000001	0.000001	0.000023	0.000004	0.000004
61	R	O	0.999871	0.000000	0.000000	0.000000	0.000009	0.000008	0.000002	0.000032	0.000006	0.000019	0.000025	0.000001	0.000000	0.000002	0.000001	0.000030	0.000005	0.000005
62	L	O	0.999837	0.000000	0.000000	0.000000	0.000009	0.000011	0.000002	0.000042	0.000005	0.000025	0.000032	0.000001	0.000000	0.000002	0.000002	0.000036	0.000008	0.000006
63	A	O	0.999789	0.000000	0.000000	0.000000	0.000009	0.000015	0.000002	0.000047	0.000005	0.000034	0.000044	0.000002	0.000000	0.000003	0.000003	0.000042	0.000012	0.000009
64	S	O	0.999747	0.000000	0.000000	0.000000	0.000008	0.000019	0.000004	0.000048	0.000005	0.000044	0.000057	0.000001	0.000000	0.000004	0.000004	0.000045	0.000018	0.000012
65	Q	O	0.999715	0.000000	0.000000	0.000000	0.000005	0.000021	0.000006	0.000041	0.000006	0.000054	0.000071	0.000001	0.000000	0.000005	0.000005	0.000042	0.000025	0.000018
66	G	O	0.999693	0.000000	0.000000	0.000000	0.000002	0.000024	0.000007	0.000034	0.000002	0.000062	0.000083	0.000001	0.000000	0.000007	0.000005	0.000034	0.000033	0.000023
67	F	O	0.999701	0.000000	0.000000	0.000000	0.000000	0.000021	0.000010	0.000015	0.000000	0.000071	0.000088	0.000000	0.000000	0.000008	0.000008	0.000016	0.000040	0.000033
68	V	O	0.999738	0.000000	0.000000	0.000000	0.000000	0.000013	0.000013	0.000000	0.000000	0.000051	0.000104	0.000000	0.000000	0.000007	0.000010	0.000000	0.000034	0.000043
69	V	O	0.999804	0.000000	0.000000	0.000000	0.000000	0.000000	0.000019	0.000000	0.000000	0.000000	0.000108	0.000000	0.000000	0.000000	0.000019	0.000000	0.000000	0.000054
70	F	O	1.000000	0.000000	0.000000	0.000000	0.000000	0.000000	0.000000	0.000000	0.000000	0.000000	0.000000	0.000000	0.000000	0.000000	0.000000	0.000000	0.000000	0.000000
