# Name=tournament_wt_76
# pos	aa	label	Other	Sec/SPI n	Sec/SPI h	Sec/SPI c	Sec/SPII n	Sec/SPII h	Sec/SPII cys	Tat/SPI n	Tat/SPI RR	Tat/SPI h	Tat/SPI c	Tat/SPII n	Tat/SPII RR	Tat/SPII h	Tat/SPII cys	Sec/SPIII P	Sec/SPIII cons.	Sec/SPIII h
1	S	O	0.995770	0.004084	0.000000	0.000000	0.000118	0.000000	0.000000	0.000003	0.000000	0.000000	0.000000	0.000000	0.000000	0.000000	0.000000	0.000036	0.000000	0.000000
2	I	O	0.995769	0.002705	0.001380	0.000000	0.000078	0.000039	0.000000	0.000002	0.000000	0.000001	0.000000	0.000000	0.000000	0.000000	0.000000	0.000028	0.000008	0.000000
3	E	O	0.995775	0.002106	0.001515	0.000464	0.000057	0.000061	0.000000	0.000001	0.000000	0.000001	0.000000	0.000000	0.000000	0.000000	0.000000	0.000023	0.000007	0.000006
4	A	O	0.995810	0.001599	0.001565	0.000888	0.000041	0.000067	0.000010	0.000001	0.000000	0.000001	0.000001	0.000000	0.000000	0.000000	0.000000	0.000019	0.000006	0.000006
5	S	O	0.995904	0.001235	0.001450	0.001287	0.000030	0.000064	0.000014	0.000001	0.000000	0.000001	0.000001	0.000000	0.000000	0.000000	0.000000	0.000015	0.000005	0.000006
6	R	O	0.996042	0.000947	0.001254	0.001659	0.000022	0.000055	0.000017	0.000000	0.000000	0.000001	0.000001	0.000000	0.000000	0.000000	0.000000	0.000012	0.000004	0.000005
7	G	O	0.996229	0.000711	0.001075	0.001906	0.000016	0.000045	0.000016	0.000000	0.000000	0.000000	0.000001	0.000000	0.000000	0.000000	0.000000	0.000010	0.000004	0.000004
8	P	O	0.996485	0.000528	0.000909	0.002016	0.000012	0.000036	0.000013	0.000000	0.000000	0.000000	0.000001	0.000000	0.000000	0.000000	0.000000	0.000008	0.000003	0.000003
9	F	O	0.996768	0.000389	0.000740	0.002062	0.000008	0.000029	0.000010	0.000000	0.000000	0.000000	0.000001	0.000000	0.000000	0.000000	0.000000	0.000006	0.000002	0.000003
10	S	O	0.997053	0.000303	0.000526	0.002084	0.000006	0.000023	0.000008	0.000000	0.000000	0.000000	0.000001	0.000000	0.000000	0.000000	0.000000	0.000005	0.000002	0.000002
11	T	O	0.997430	0.000234	0.000403	0.001912	0.000004	0.000018	0.000007	0.000000	0.000000	0.000000	0.000000	0.000000	0.000000	0.000000	0.000000	0.000004	0.000002	0.000002
12	S	O	0.997867	0.000182	0.000322	0.001616	0.000003	0.000013	0.000006	0.000000	0.000000	0.000000	0.000000	0.000000	0.000000	0.000000	0.000000	0.000003	0.000001	0.000002
13	S	O	0.998299	0.000138	0.000271	0.001284	0.000002	0.000010	0.000004	0.000000	0.000000	0.000000	0.000000	0.000000	0.000000	0.000000	0.000000	0.000002	0.000001	0.000001
14	T	O	0.998652	0.000102	0.000232	0.001014	0.000001	0.000007	0.000003	0.000000	0.000000	0.000000	0.000000	0.000000	0.000000	0.000000	0.000000	0.000002	0.000001	0.000001
15	T	O	0.998915	0.000073	0.000193	0.000819	0.000001	0.000006	0.000002	0.000000	0.000000	0.000000	0.000000	0.000000	0.000000	0.000000	0.000000	0.000001	0.000001	0.000001
16	V	O	0.999131	0.000051	0.000158	0.000661	0.000001	0.000004	0.000002	0.000000	0.000000	0.000000	0.000000	0.000000	0.000000	0.000000	0.000000	0.000001	0.000001	0.000001
17	S	O	0.999291	0.000037	0.000118	0.000558	0.000000	0.000003	0.000001	0.000000	0.000000	0.000000	0.000000	0.000000	0.000000	0.000000	0.000000	0.000001	0.000000	0.000001
18	S	O	0.999437	0.000026	0.000088	0.000452	0.000000	0.000002	0.000001	0.000000	0.000000	0.000000	0.000000	0.000000	0.000000	0.000000	0.000000	0.000001	0.000000	0.000000
19	L	O	0.999579	0.000018	0.000067	0.000345	0.000000	0.000002	0.000001	0.000000	0.000000	0.000000	0.000000	0.000000	0.000000	0.000000	0.000000	0.000000	0.000000	0.000000
20	V	O	0.999671	0.000013	0.000045	0.000282	0.000000	0.000001	0.000001	0.000000	0.000000	0.000000	0.000000	0.000000	0.000000	0.000000	0.000000	0.000000	0.000000	0.000000
21	S	O	0.999741	0.000010	0.000026	0.000232	0.000000	0.000001	0.000000	0.000000	0.000000	0.000000	0.000000	0.000000	0.000000	0.000000	0.000000	0.000000	0.000000	0.000000
22	G	O	0.999817	0.000008	0.000015	0.000172	0.000000	0.000000	0.000000	0.000000	0.000000	0.000000	0.000000	0.000000	0.000000	0.000000	0.000000	0.000000	0.000000	0.000000
23	F	O	0.999891	0.000007	0.000011	0.000104	0.000000	0.000000	0.000000	0.000000	0.000000	0.000000	0.000000	0.000000	0.000000	0.000000	0.000000	0.000000	0.000000	0.000000
24	G	O	0.999931	0.000006	0.000008	0.000068	0.000000	0.000000	0.000000	0.000000	0.000000	0.000000	0.000000	0.000000	0.000000	0.000000	0.000000	0.000000	0.000000	0.000000
25	G	O	0.999960	0.000005	0.000006	0.000039	0.000000	0.000000	0.000000	0.000000	0.000000	0.000000	0.000000	0.000000	0.000000	0.000000	0.000000	0.000000	0.000000	0.000000
26	G	O	0.999973	0.000004	0.000006	0.000024	0.000000	0.000000	0.000000	0.000000	0.000000	0.000000	0.000000	0.000000	0.000000	0.000000	0.000000	0.000000	0.000000	0.000000
27	T	O	0.999985	0.000003	0.000005	0.000015	0.000000	0.000000	0.000000	0.000000	0.000000	0.000000	0.000000	0.000000	0.000000	0.000000	0.000000	0.000000	0.000000	0.000000
28	I	O	0.999989	0.000003	0.000005	0.000011	0.000000	0.000000	0.000000	0.000000	0.000000	0.000000	0.000000	0.000000	0.000000	0.000000	0.000000	0.000000	0.000000	0.000000
29	Y	O	0.999998	0.000002	0.000004	0.000010	0.000000	0.000000	0.000000	0.000000	0.000000	0.000000	0.000000	0.000000	0.000000	0.000000	0.000000	0.000000	0.000000	0.000000
30	Y	O	0.999999	0.000002	0.000003	0.000009	0.000000	0.000000	0.000000	0.000000	0.000000	0.000000	0.000000	0.000000	0.000000	0.000000	0.000000	0.000000	0.000000	0.000000
31	P	O	1.000005	0.000001	0.000003	0.000008	0.000000	0.000000	0.000000	0.000000	0.000000	0.000000	0.000000	0.000000	0.000000	0.000000	0.000000	0.000000	0.000000	0.000000
32	T	O	1.000005	0.000001	0.000002	0.000008	0.000000	0.000000	0.000000	0.000000	0.000000	0.000000	0.000000	0.000000	0.000000	0.000000	0.000000	0.000000	0.000000	0.000000
33	S	O	1.000002	0.000001	0.000002	0.000008	0.000000	0.000000	0.000000	0.000000	0.000000	0.000000	0.000000	0.000000	0.000000	0.000000	0.000000	0.000000	0.000000	0.000000
34	T	O	1.000003	0.000001	0.000001	0.000007	0.000000	0.000000	0.000000	0.000000	0.000000	0.000000	0.000000	0.000000	0.000000	0.000000	0.000000	0.000000	0.000000	0.000000
35	S	O	1.000010	0.000001	0.000001	0.000007	0.000000	0.000000	0.000000	0.000000	0.000000	0.000000	0.000000	0.000000	0.000000	0.000000	0.000000	0.000000	0.000000	0.000000
36	E	O	1.000006	0.000001	0.000001	0.000006	0.000000	0.000000	0.000000	0.000000	0.000000	0.000000	0.000000	0.000000	0.000000	0.000000	0.000000	0.000000	0.000000	0.000000
37	G	O	1.000012	0.000001	0.000001	0.000006	0.000000	0.000000	0.000000	0.000000	0.000000	0.000000	0.000000	0.000000	0.000000	0.000000	0.000000	0.000000	0.000000	0.000000
38	T	O	1.000010	0.000000	0.000000	0.000005	0.000000	0.000000	0.000000	0.000000	0.000000	0.000000	0.000000	0.000000	0.000000	0.000000	0.000000	0.000000	0.000000	0.000000
39	F	O	1.000004	0.000000	0.000000	0.000005	0.000000	0.000000	0.000000	0.000000	0.000000	0.000000	0.000000	0.000000	0.000000	0.000000	0.000000	0.000000	0.000000	0.000000
40	G	O	1.000007	0.000000	0.000000	0.000004	0.000000	0.000000	0.000000	0.000000	0.000000	0.000000	0.000000	0.000000	0.000000	0.000000	0.000000	0.000000	0.000000	0.000000
41	A	O	1.000005	0.000000	0.000000	0.000003	0.000000	0.000000	0.000000	0.000000	0.000000	0.000000	0.000000	0.000000	0.000000	0.000000	0.000000	0.000000	0.000000	0.000000
42	V	O	1.000014	0.000000	0.000000	0.000003	0.000000	0.000000	0.000000	0.000000	0.000000	0.000000	0.000000	0.000000	0.000000	0.000000	0.000000	0.000000	0.000000	0.000000
43	A	O	1.000014	0.000000	0.000000	0.000003	0.000000	0.000000	0.000000	0.000000	0.000000	0.000000	0.000000	0.000000	0.000000	0.000000	0.000000	0.000000	0.000000	0.000000
44	I	O	1.000013	0.000000	0.000000	0.000002	0.000000	0.000000	0.000000	0.000000	0.000000	0.000000	0.000000	0.000000	0.000000	0.000000	0.000000	0.000000	0.000000	0.000000
45	S	O	1.000015	0.000000	0.000000	0.000002	0.000000	0.000000	0.000000	0.000000	0.000000	0.000000	0.000000	0.000000	0.000000	0.000000	0.000000	0.000000	0.000000	0.000000
46	P	O	1.000014	0.000000	0.000000	0.000002	0.000000	0.000000	0.000000	0.000000	0.000000	0.000000	0.000000	0.000000	0.000000	0.000000	0.000000	0.000000	0.000000	0.000000
47	G	O	1.000011	0.000000	0.000000	0.000002	0.000000	0.000000	0.000000	0.000000	0.000000	0.000000	0.000000	0.000000	0.000000	0.000000	0.000000	0.000001	0.000000	0.000000
48	F	O	1.000011	0.000000	0.000000	0.000001	0.000000	0.000000	0.000000	0.000000	0.000000	0.000000	0.000000	0.000000	0.000000	0.000000	0.000000	0.000001	0.000000	0.000000
49	T	O	1.000012	0.000000	0.000000	0.000001	0.000000	0.000000	0.000000	0.000001	0.000000	0.000000	0.000000	0.000000	0.000000	0.000000	0.000000	0.000001	0.000000	0.000000
50	G	O	1.000012	0.000000	0.000000	0.000001	0.000000	0.000000	0.000000	0.000001	0.000000	0.000000	0.000000	0.000000	0.000000	0.000000	0.000000	0.000001	0.000000	0.000000
51	T	O	1.000006	0.000000	0.000000	0.000001	0.000000	0.000000	0.000000	0.000001	0.000000	0.000000	0.000001	0.000000	0.000000	0.000000	0.000000	0.000001	0.000000	0.000000
52	E	O	1.000008	0.000000	0.000000	0.000001	0.000000	0.000000	0.000000	0.000001	0.000000	0.000001	0.000001	0.000000	0.000000	0.000000	0.000000	0.000002	0.000000	0.000000
53	S	O	1.000006	0.000000	0.000000	0.000001	0.000001	0.000001	0.000000	0.000002	0.000000	0.000001	0.000001	0.000000	0.000000	0.000000	0.000000	0.000002	0.000001	0.000001
54	T	O	1.000003	0.000000	0.000000	0.000001	0.000001	0.000001	0.000000	0.000003	0.000000	0.000001	0.000001	0.000000	0.000000	0.000000	0.000000	0.000003	0.000001	0.000001
55	I	O	1.000000	0.000000	0.000000	0.000001	0.000001	0.000001	0.000000	0.000003	0.000000	0.000002	0.000002	0.000000	0.000000	0.000000	0.000000	0.000003	0.000001	0.000001
56	A	O	0.999997	0.000000	0.000000	0.000001	0.000001	0.000001	0.000000	0.000004	0.000001	0.000002	0.000002	0.000000	0.000000	0.000000	0.000000	0.000004	0.000001	0.000001
57	W	O	0.999994	0.000000	0.000000	0.000000	0.000001	0.000001	0.000000	0.000005	0.000001	0.000003	0.000003	0.000000	0.000000	0.000000	0.000000	0.000004	0.000001	0.000001
58	L	O	0.999989	0.000000	0.000000	0.000000	0.000001	0.000001	0.000000	0.000005	0.000001	0.000004	0.000004	0.000000	0.000000	0.000000	0.000000	0.000005	0.000001	0.000001
59	G	O	0.999986	0.000000	0.000000	0.000000	0.000002	0.000001	0.000000	0.000006	0.000001	0.000004	0.000005	0.000000	0.000000	0.000000	0.000000	0.000006	0.000001	0.000002
60	P	O	0.999983	0.000000	0.000000	0.000000	0.000002	0.000002	0.000000	0.000007	0.000001	0.000005	0.000006	0.000000	0.000000	0.000000	0.000000	0.000007	0.000001	0.000002
61	R	O	0.999974	0.000000	0.000000	0.000000	0.000002	0.000002	0.000001	0.000008	0.000002	0.000006	0.000008	0.000000	0.000000	0.000000	0.000000	0.000009	0.000002	0.000002
62	L	O	0.999964	0.000000	0.000000	0.000000	0.000003	0.000003	0.000001	0.000011	0.000001	0.000007	0.000010	0.000000	0.000000	0.000001	0.000001	0.000010	0.000003	0.000002
63	A	O	0.999951	0.000000	0.000000	0.000000	0.000003	0.000004	0.000001	0.000013	0.000002	0.000010	0.000013	0.000000	0.000000	0.000001	0.000001	0.000012	0.000004	0.000003
64	S	O	0.999941	0.000000	0.000000	0.000000	0.000002	0.000005	0.000001	0.000014	0.000001	0.000013	0.000017	0.000000	0.000000	0.000001	0.000001	0.000014	0.000005	0.000004
65	Q	O	0.999920	0.000000	0.000000	0.000000	0.000002	0.000006	0.000002	0.000012	0.000002	0.000016	0.000021	0.000000	0.000000	0.000002	0.000002	0.000013	0.000008	0.000006
66	G	O	0.999911	0.000000	0.000000	0.000000	0.000001	0.000007	0.000002	0.000010	0.000001	0.000019	0.000025	0.000000	0.000000	0.000002	0.000002	0.000011	0.000011	0.000007
67	F	O	0.999911	0.000000	0.000000	0.000000	0.000000	0.000006	0.000003	0.000005	0.000000	0.000022	0.000027	0.000000	0.000000	0.000002	0.000003	0.000005	0.000013	0.000011
68	V	O	0.999917	0.000000	0.000000	0.000000	0.000000	0.000004	0.000004	0.000000	0.000000	0.000016	0.000033	0.000000	0.000000	0.000002	0.000004	0.000000	0.000010	0.000015
69	V	O	0.999942	0.000000	0.000000	0.000000	0.000000	0.000000	0.000006	0.000000	0.000000	0.000000	0.000033	0.000000	0.000000	0.000000	0.000007	0.000000	0.000000	0.000016
70	I	O	0.999998	0.000000	0.000000	0.000000	0.000000	0.000000	0.000000	0.000000	0.000000	0.000000	0.000000	0.000000	0.000000	0.000000	0.000000	0.000000	0.000000	0.000000
