# Name=tournament_wt_218
# pos	aa	label	Other	Sec/SPI n	Sec/SPI h	Sec/SPI c	Sec/SPII n	Sec/SPII h	Sec/SPII cys	Tat/SPI n	Tat/SPI RR	Tat/SPI h	Tat/SPI c	Tat/SPII n	Tat/SPII RR	Tat/SPII h	Tat/SPII cys	Sec/SPIII P	Sec/SPIII cons.	Sec/SPIII h
1	A	O	0.788370	0.211552	0.000000	0.000000	0.000059	0.000000	0.000000	0.000000	0.000000	0.000000	0.000000	0.000000	0.000000	0.000000	0.000000	0.000005	0.000000	0.000000
2	Q	O	0.788374	0.177023	0.034529	0.000000	0.000052	0.000008	0.000000	0.000000	0.000000	0.000000	0.000000	0.000000	0.000000	0.000000	0.000000	0.000005	0.000000	0.000000
3	R	O	0.788379	0.149411	0.055508	0.006634	0.000046	0.000014	0.000000	0.000000	0.000000	0.000000	0.000000	0.000000	0.000000	0.000000	0.000000	0.000005	0.000000	0.000000
4	H	O	0.788399	0.122040	0.073292	0.016203	0.000039	0.000019	0.000001	0.000000	0.000000	0.000000	0.000000	0.000000	0.000000	0.000000	0.000000	0.000004	0.000000	0.000000
5	V	O	0.788449	0.095978	0.086741	0.028773	0.000032	0.000024	0.000002	0.000000	0.000000	0.000000	0.000000	0.000000	0.000000	0.000000	0.000000	0.000004	0.000000	0.000000
6	T	O	0.788527	0.075968	0.090287	0.045161	0.000027	0.000026	0.000003	0.000000	0.000000	0.000000	0.000000	0.000000	0.000000	0.000000	0.000000	0.000004	0.000000	0.000000
7	H	O	0.788655	0.059885	0.087659	0.063752	0.000022	0.000026	0.000004	0.000000	0.000000	0.000000	0.000000	0.000000	0.000000	0.000000	0.000000	0.000003	0.000000	0.000000
8	P	O	0.788868	0.046061	0.084007	0.081022	0.000018	0.000026	0.000004	0.000000	0.000000	0.000000	0.000000	0.000000	0.000000	0.000000	0.000000	0.000003	0.000000	0.000000
9	I	O	0.789199	0.032838	0.082920	0.095011	0.000014	0.000027	0.000004	0.000000	0.000000	0.000000	0.000000	0.000000	0.000000	0.000000	0.000000	0.000003	0.000000	0.000000
10	T	O	0.789542	0.023984	0.073340	0.113105	0.000011	0.000027	0.000003	0.000000	0.000000	0.000000	0.000000	0.000000	0.000000	0.000000	0.000000	0.000003	0.000000	0.000000
11	T	O	0.790047	0.016958	0.064129	0.128840	0.000008	0.000026	0.000003	0.000000	0.000000	0.000000	0.000000	0.000000	0.000000	0.000000	0.000000	0.000002	0.000000	0.000000
12	T	O	0.790848	0.011554	0.055902	0.141671	0.000006	0.000024	0.000004	0.000000	0.000000	0.000000	0.000000	0.000000	0.000000	0.000000	0.000000	0.000002	0.000000	0.000000
13	T	O	0.791925	0.007710	0.046709	0.153637	0.000004	0.000022	0.000004	0.000000	0.000000	0.000000	0.000000	0.000000	0.000000	0.000000	0.000000	0.000002	0.000000	0.000000
14	V	O	0.793476	0.004906	0.038322	0.163282	0.000003	0.000020	0.000004	0.000000	0.000000	0.000000	0.000000	0.000000	0.000000	0.000000	0.000000	0.000002	0.000000	0.000000
15	P	O	0.795420	0.003415	0.027641	0.173518	0.000002	0.000017	0.000004	0.000000	0.000000	0.000000	0.000000	0.000000	0.000000	0.000000	0.000000	0.000001	0.000000	0.000000
16	A	O	0.798624	0.002377	0.020059	0.178938	0.000002	0.000014	0.000003	0.000000	0.000000	0.000000	0.000000	0.000000	0.000000	0.000000	0.000000	0.000001	0.000000	0.000000
17	S	O	0.804122	0.001633	0.014975	0.179270	0.000001	0.000011	0.000004	0.000000	0.000000	0.000000	0.000000	0.000000	0.000000	0.000000	0.000000	0.000001	0.000000	0.000000
18	P	O	0.810723	0.001146	0.010422	0.177710	0.000001	0.000008	0.000003	0.000000	0.000000	0.000000	0.000000	0.000000	0.000000	0.000000	0.000000	0.000001	0.000000	0.000000
19	S	O	0.819800	0.000799	0.007287	0.172122	0.000001	0.000006	0.000002	0.000000	0.000000	0.000000	0.000000	0.000000	0.000000	0.000000	0.000000	0.000001	0.000000	0.000000
20	L	O	0.832516	0.000540	0.005271	0.161687	0.000000	0.000005	0.000002	0.000000	0.000000	0.000000	0.000000	0.000000	0.000000	0.000000	0.000000	0.000001	0.000000	0.000000
21	G	O	0.845908	0.000415	0.003233	0.150457	0.000000	0.000004	0.000001	0.000000	0.000000	0.000000	0.000000	0.000000	0.000000	0.000000	0.000000	0.000000	0.000000	0.000000
22	F	O	0.871620	0.000304	0.002424	0.125669	0.000000	0.000003	0.000001	0.000000	0.000000	0.000000	0.000000	0.000000	0.000000	0.000000	0.000000	0.000000	0.000000	0.000000
23	G	O	0.898033	0.000240	0.001727	0.100016	0.000000	0.000002	0.000001	0.000000	0.000000	0.000000	0.000000	0.000000	0.000000	0.000000	0.000000	0.000000	0.000000	0.000000
24	G	O	0.928853	0.000185	0.001386	0.069598	0.000000	0.000001	0.000001	0.000000	0.000000	0.000000	0.000000	0.000000	0.000000	0.000000	0.000000	0.000000	0.000000	0.000000
25	G	O	0.951084	0.000138	0.001136	0.047662	0.000000	0.000001	0.000000	0.000000	0.000000	0.000000	0.000000	0.000000	0.000000	0.000000	0.000000	0.000000	0.000000	0.000000
26	T	O	0.965138	0.000098	0.000933	0.033850	0.000000	0.000000	0.000000	0.000000	0.000000	0.000000	0.000000	0.000000	0.000000	0.000000	0.000000	0.000000	0.000000	0.000000
27	I	O	0.972637	0.000067	0.000723	0.026590	0.000000	0.000000	0.000000	0.000000	0.000000	0.000000	0.000000	0.000000	0.000000	0.000000	0.000000	0.000000	0.000000	0.000000
28	F	O	0.978065	0.000048	0.000514	0.021392	0.000000	0.000000	0.000000	0.000000	0.000000	0.000000	0.000000	0.000000	0.000000	0.000000	0.000000	0.000000	0.000000	0.000000
29	A	O	0.982665	0.000034	0.000350	0.016969	0.000000	0.000000	0.000000	0.000000	0.000000	0.000000	0.000000	0.000000	0.000000	0.000000	0.000000	0.000000	0.000000	0.000000
30	P	O	0.986281	0.000025	0.000229	0.013479	0.000000	0.000000	0.000000	0.000000	0.000000	0.000000	0.000000	0.000000	0.000000	0.000000	0.000000	0.000000	0.000000	0.000000
31	A	O	0.989198	0.000018	0.000150	0.010646	0.000000	0.000000	0.000000	0.000000	0.000000	0.000000	0.000000	0.000000	0.000000	0.000000	0.000000	0.000000	0.000000	0.000000
32	D	O	0.991331	0.000013	0.000089	0.008583	0.000000	0.000000	0.000000	0.000000	0.000000	0.000000	0.000000	0.000000	0.000000	0.000000	0.000000	0.000000	0.000000	0.000000
33	T	O	0.993045	0.000010	0.000052	0.006907	0.000000	0.000000	0.000000	0.000000	0.000000	0.000000	0.000000	0.000000	0.000000	0.000000	0.000000	0.000000	0.000000	0.000000
34	G	O	0.994586	0.000007	0.000030	0.005397	0.000000	0.000000	0.000000	0.000000	0.000000	0.000000	0.000000	0.000000	0.000000	0.000000	0.000000	0.000000	0.000000	0.000000
35	R	O	0.995926	0.000005	0.000018	0.004071	0.000000	0.000000	0.000000	0.000000	0.000000	0.000000	0.000000	0.000000	0.000000	0.000000	0.000000	0.000000	0.000000	0.000000
36	A	O	0.997147	0.000004	0.000012	0.002856	0.000000	0.000000	0.000000	0.000000	0.000000	0.000000	0.000000	0.000000	0.000000	0.000000	0.000000	0.000000	0.000000	0.000000
37	V	O	0.998139	0.000003	0.000008	0.001869	0.000000	0.000000	0.000000	0.000000	0.000000	0.000000	0.000000	0.000000	0.000000	0.000000	0.000000	0.000000	0.000000	0.000000
38	L	O	0.998836	0.000002	0.000006	0.001174	0.000000	0.000000	0.000000	0.000000	0.000000	0.000000	0.000000	0.000000	0.000000	0.000000	0.000000	0.000000	0.000000	0.000000
39	G	O	0.999251	0.000002	0.000004	0.000764	0.000000	0.000000	0.000000	0.000000	0.000000	0.000000	0.000000	0.000000	0.000000	0.000000	0.000000	0.000000	0.000000	0.000000
40	S	O	0.999546	0.000001	0.000003	0.000467	0.000000	0.000000	0.000000	0.000000	0.000000	0.000000	0.000000	0.000000	0.000000	0.000000	0.000000	0.000000	0.000000	0.000000
41	V	O	0.999717	0.000001	0.000003	0.000298	0.000000	0.000000	0.000000	0.000000	0.000000	0.000000	0.000000	0.000000	0.000000	0.000000	0.000000	0.000000	0.000000	0.000000
42	I	O	0.999824	0.000001	0.000002	0.000197	0.000000	0.000000	0.000000	0.000000	0.000000	0.000000	0.000000	0.000000	0.000000	0.000000	0.000000	0.000000	0.000000	0.000000
43	V	O	0.999889	0.000001	0.000002	0.000133	0.000000	0.000000	0.000000	0.000000	0.000000	0.000000	0.000000	0.000000	0.000000	0.000000	0.000000	0.000000	0.000000	0.000000
44	T	O	0.999927	0.000000	0.000001	0.000092	0.000000	0.000000	0.000000	0.000000	0.000000	0.000000	0.000000	0.000000	0.000000	0.000000	0.000000	0.000000	0.000000	0.000000
45	P	O	0.999953	0.000000	0.000001	0.000064	0.000000	0.000000	0.000000	0.000000	0.000000	0.000000	0.000000	0.000000	0.000000	0.000000	0.000000	0.000000	0.000000	0.000000
46	G	O	0.999977	0.000000	0.000001	0.000044	0.000000	0.000000	0.000000	0.000000	0.000000	0.000000	0.000000	0.000000	0.000000	0.000000	0.000000	0.000001	0.000000	0.000000
47	F	O	0.999990	0.000000	0.000000	0.000029	0.000000	0.000000	0.000000	0.000000	0.000000	0.000000	0.000000	0.000000	0.000000	0.000000	0.000000	0.000001	0.000000	0.000000
48	T	O	1.000000	0.000000	0.000000	0.000020	0.000000	0.000000	0.000000	0.000000	0.000000	0.000000	0.000000	0.000000	0.000000	0.000000	0.000000	0.000001	0.000000	0.000001
49	D	O	1.000008	0.000000	0.000000	0.000014	0.000000	0.000000	0.000000	0.000000	0.000000	0.000000	0.000001	0.000000	0.000000	0.000000	0.000000	0.000001	0.000001	0.000001
50	T	O	1.000012	0.000000	0.000000	0.000010	0.000000	0.000001	0.000000	0.000001	0.000000	0.000001	0.000001	0.000000	0.000000	0.000000	0.000000	0.000001	0.000001	0.000001
51	Q	O	1.000013	0.000000	0.000000	0.000007	0.000000	0.000001	0.000001	0.000001	0.000000	0.000001	0.000001	0.000000	0.000000	0.000000	0.000000	0.000002	0.000001	0.000001
52	A	O	1.000015	0.000000	0.000000	0.000004	0.000000	0.000001	0.000001	0.000001	0.000000	0.000001	0.000001	0.000000	0.000000	0.000000	0.000000	0.000002	0.000001	0.000001
53	G	O	1.000020	0.000000	0.000000	0.000003	0.000000	0.000001	0.000001	0.000002	0.000000	0.000001	0.000002	0.000000	0.000000	0.000000	0.000000	0.000003	0.000001	0.000002
54	M	O	1.000015	0.000000	0.000000	0.000002	0.000001	0.000001	0.000001	0.000002	0.000000	0.000002	0.000002	0.000000	0.000000	0.000000	0.000000	0.000003	0.000001	0.000002
55	R	O	1.000011	0.000000	0.000000	0.000001	0.000001	0.000001	0.000001	0.000003	0.000001	0.000002	0.000003	0.000000	0.000000	0.000000	0.000000	0.000004	0.000002	0.000002
56	W	O	1.000000	0.000000	0.000000	0.000001	0.000001	0.000001	0.000001	0.000005	0.000001	0.000003	0.000004	0.000000	0.000000	0.000000	0.000000	0.000006	0.000002	0.000003
57	Y	O	0.999988	0.000000	0.000000	0.000000	0.000002	0.000002	0.000001	0.000007	0.000001	0.000005	0.000005	0.000000	0.000000	0.000000	0.000001	0.000008	0.000003	0.000003
58	G	O	0.999975	0.000000	0.000000	0.000000	0.000003	0.000002	0.000002	0.000012	0.000002	0.000007	0.000008	0.000000	0.000000	0.000001	0.000001	0.000012	0.000003	0.000004
59	T	O	0.999943	0.000000	0.000000	0.000000	0.000004	0.000003	0.000002	0.000019	0.000003	0.000012	0.000012	0.000001	0.000000	0.000001	0.000001	0.000018	0.000005	0.000005
60	D	O	0.999885	0.000000	0.000000	0.000000	0.000007	0.000005	0.000003	0.000034	0.000005	0.000017	0.000024	0.000001	0.000000	0.000002	0.000002	0.000030	0.000007	0.000007
61	L	O	0.999800	0.000000	0.000000	0.000000	0.000010	0.000008	0.000003	0.000056	0.000008	0.000028	0.000040	0.000002	0.000001	0.000003	0.000004	0.000046	0.000011	0.000010
62	A	O	0.999672	0.000000	0.000000	0.000000	0.000014	0.000013	0.000005	0.000091	0.000011	0.000045	0.000063	0.000003	0.000001	0.000005	0.000006	0.000070	0.000017	0.000016
63	A	O	0.999506	0.000000	0.000000	0.000000	0.000017	0.000020	0.000007	0.000125	0.000018	0.000078	0.000090	0.000004	0.000001	0.000008	0.000010	0.000094	0.000029	0.000022
64	E	O	0.999268	0.000000	0.000000	0.000000	0.000017	0.000030	0.000011	0.000168	0.000025	0.000133	0.000137	0.000005	0.000001	0.000013	0.000015	0.000124	0.000045	0.000036
65	G	O	0.998947	0.000000	0.000000	0.000000	0.000014	0.000044	0.000014	0.000224	0.000017	0.000221	0.000217	0.000005	0.000001	0.000023	0.000022	0.000149	0.000075	0.000053
66	F	O	0.998594	0.000000	0.000000	0.000000	0.000007	0.000060	0.000021	0.000199	0.000009	0.000380	0.000319	0.000003	0.000000	0.000039	0.000035	0.000134	0.000130	0.000084
67	V	O	0.998218	0.000000	0.000000	0.000000	0.000000	0.000070	0.000034	0.000111	0.000000	0.000484	0.000571	0.000000	0.000000	0.000059	0.000062	0.000084	0.000181	0.000141
68	V	O	0.998071	0.000000	0.000000	0.000000	0.000000	0.000052	0.000062	0.000000	0.000000	0.000376	0.000878	0.000000	0.000000	0.000059	0.000113	0.000000	0.000181	0.000221
69	L	O	0.998312	0.000000	0.000000	0.000000	0.000000	0.000000	0.000113	0.000000	0.000000	0.000000	0.001020	0.000000	0.000000	0.000000	0.000232	0.000000	0.000000	0.000333
70	T	O	1.000004	0.000000	0.000000	0.000000	0.000000	0.000000	0.000000	0.000000	0.000000	0.000000	0.000000	0.000000	0.000000	0.000000	0.000000	0.000000	0.000000	0.000000
