# Name=tournament_wt_280
# pos	aa	label	Other	Sec/SPI n	Sec/SPI h	Sec/SPI c	Sec/SPII n	Sec/SPII h	Sec/SPII cys	Tat/SPI n	Tat/SPI RR	Tat/SPI h	Tat/SPI c	Tat/SPII n	Tat/SPII RR	Tat/SPII h	Tat/SPII cys	Sec/SPIII P	Sec/SPIII cons.	Sec/SPIII h
1	T	O	0.991317	0.008478	0.000000	0.000000	0.000210	0.000000	0.000000	0.000000	0.000000	0.000000	0.000000	0.000000	0.000000	0.000000	0.000000	0.000009	0.000000	0.000000
2	P	O	0.991327	0.007111	0.001367	0.000000	0.000185	0.000025	0.000000	0.000000	0.000000	0.000000	0.000000	0.000000	0.000000	0.000000	0.000000	0.000008	0.000001	0.000000
3	T	O	0.991324	0.006116	0.002082	0.000280	0.000165	0.000044	0.000000	0.000000	0.000000	0.000000	0.000000	0.000000	0.000000	0.000000	0.000000	0.000007	0.000001	0.000001
4	R	O	0.991350	0.005344	0.002401	0.000705	0.000149	0.000056	0.000004	0.000000	0.000000	0.000000	0.000000	0.000000	0.000000	0.000000	0.000000	0.000006	0.000001	0.000001
5	L	O	0.991428	0.004712	0.002517	0.001144	0.000133	0.000065	0.000007	0.000000	0.000000	0.000000	0.000000	0.000000	0.000000	0.000000	0.000000	0.000006	0.000001	0.000001
6	L	O	0.991583	0.004239	0.002425	0.001567	0.000119	0.000071	0.000008	0.000000	0.000000	0.000000	0.000000	0.000000	0.000000	0.000000	0.000000	0.000005	0.000001	0.000001
7	G	O	0.991791	0.003867	0.002214	0.001949	0.000108	0.000075	0.000009	0.000000	0.000000	0.000000	0.000000	0.000000	0.000000	0.000000	0.000000	0.000005	0.000001	0.000001
8	N	O	0.992119	0.003518	0.002127	0.002069	0.000096	0.000075	0.000011	0.000000	0.000000	0.000000	0.000000	0.000000	0.000000	0.000000	0.000000	0.000004	0.000001	0.000001
9	G	O	0.992530	0.003126	0.002206	0.001981	0.000084	0.000078	0.000009	0.000000	0.000000	0.000000	0.000000	0.000000	0.000000	0.000000	0.000000	0.000004	0.000001	0.000001
10	S	O	0.993047	0.002689	0.002429	0.001687	0.000071	0.000084	0.000007	0.000000	0.000000	0.000000	0.000000	0.000000	0.000000	0.000000	0.000000	0.000003	0.000001	0.000000
11	F	O	0.993466	0.002183	0.002755	0.001456	0.000057	0.000091	0.000006	0.000000	0.000000	0.000000	0.000000	0.000000	0.000000	0.000000	0.000000	0.000003	0.000001	0.000000
12	S	O	0.993817	0.001776	0.002942	0.001330	0.000046	0.000098	0.000005	0.000000	0.000000	0.000000	0.000000	0.000000	0.000000	0.000000	0.000000	0.000003	0.000001	0.000000
13	V	O	0.994223	0.001327	0.003240	0.001081	0.000034	0.000104	0.000006	0.000000	0.000000	0.000000	0.000000	0.000000	0.000000	0.000000	0.000000	0.000002	0.000001	0.000000
14	S	O	0.994474	0.001079	0.003196	0.001124	0.000026	0.000106	0.000006	0.000000	0.000000	0.000000	0.000000	0.000000	0.000000	0.000000	0.000000	0.000002	0.000001	0.000001
15	T	O	0.994785	0.000843	0.003190	0.001065	0.000020	0.000106	0.000007	0.000000	0.000000	0.000000	0.000000	0.000000	0.000000	0.000000	0.000000	0.000001	0.000001	0.000000
16	T	O	0.995051	0.000636	0.003137	0.001063	0.000014	0.000104	0.000008	0.000000	0.000000	0.000000	0.000000	0.000000	0.000000	0.000000	0.000000	0.000001	0.000001	0.000000
17	S	O	0.995323	0.000469	0.003033	0.001074	0.000009	0.000099	0.000010	0.000000	0.000000	0.000000	0.000000	0.000000	0.000000	0.000000	0.000000	0.000001	0.000001	0.000000
18	V	O	0.995655	0.000320	0.002964	0.000965	0.000006	0.000092	0.000010	0.000000	0.000000	0.000000	0.000000	0.000000	0.000000	0.000000	0.000000	0.000001	0.000001	0.000000
19	S	O	0.995916	0.000220	0.002768	0.001021	0.000004	0.000085	0.000009	0.000000	0.000000	0.000000	0.000000	0.000000	0.000000	0.000000	0.000000	0.000000	0.000000	0.000000
20	S	O	0.996221	0.000136	0.002607	0.000969	0.000002	0.000077	0.000010	0.000000	0.000000	0.000000	0.000000	0.000000	0.000000	0.000000	0.000000	0.000000	0.000000	0.000000
21	L	O	0.996567	0.000074	0.002456	0.000846	0.000001	0.000069	0.000009	0.000000	0.000000	0.000000	0.000000	0.000000	0.000000	0.000000	0.000000	0.000000	0.000000	0.000000
22	V	O	0.996808	0.000042	0.002174	0.000925	0.000001	0.000062	0.000008	0.000000	0.000000	0.000000	0.000000	0.000000	0.000000	0.000000	0.000000	0.000000	0.000000	0.000000
23	L	O	0.997059	0.000025	0.001801	0.001068	0.000000	0.000055	0.000008	0.000000	0.000000	0.000000	0.000000	0.000000	0.000000	0.000000	0.000000	0.000000	0.000000	0.000000
24	G	O	0.997275	0.000020	0.001088	0.001584	0.000000	0.000044	0.000010	0.000000	0.000000	0.000000	0.000000	0.000000	0.000000	0.000000	0.000000	0.000000	0.000000	0.000000
25	F	O	0.997820	0.000017	0.000749	0.001389	0.000000	0.000027	0.000017	0.000000	0.000000	0.000000	0.000000	0.000000	0.000000	0.000000	0.000000	0.000000	0.000000	0.000000
26	G	O	0.998276	0.000015	0.000427	0.001272	0.000000	0.000015	0.000012	0.000000	0.000000	0.000000	0.000000	0.000000	0.000000	0.000000	0.000000	0.000000	0.000000	0.000000
27	G	O	0.998914	0.000014	0.000316	0.000767	0.000000	0.000007	0.000008	0.000000	0.000000	0.000000	0.000000	0.000000	0.000000	0.000000	0.000000	0.000000	0.000000	0.000000
28	G	O	0.999270	0.000012	0.000249	0.000487	0.000000	0.000004	0.000003	0.000000	0.000000	0.000000	0.000000	0.000000	0.000000	0.000000	0.000000	0.000000	0.000000	0.000000
29	T	O	0.999473	0.000011	0.000208	0.000323	0.000000	0.000002	0.000002	0.000000	0.000000	0.000000	0.000000	0.000000	0.000000	0.000000	0.000000	0.000000	0.000000	0.000000
30	I	O	0.999576	0.000010	0.000172	0.000260	0.000000	0.000001	0.000001	0.000000	0.000000	0.000000	0.000000	0.000000	0.000000	0.000000	0.000000	0.000000	0.000000	0.000000
31	Y	O	0.999627	0.000009	0.000135	0.000243	0.000000	0.000001	0.000001	0.000000	0.000000	0.000000	0.000000	0.000000	0.000000	0.000000	0.000000	0.000000	0.000000	0.000000
32	Y	O	0.999674	0.000008	0.000105	0.000234	0.000000	0.000001	0.000000	0.000000	0.000000	0.000000	0.000000	0.000000	0.000000	0.000000	0.000000	0.000000	0.000000	0.000000
33	P	O	0.999707	0.000007	0.000076	0.000235	0.000000	0.000000	0.000000	0.000000	0.000000	0.000000	0.000000	0.000000	0.000000	0.000000	0.000000	0.000000	0.000000	0.000000
34	T	O	0.999725	0.000006	0.000055	0.000233	0.000000	0.000000	0.000000	0.000000	0.000000	0.000000	0.000000	0.000000	0.000000	0.000000	0.000000	0.000000	0.000000	0.000000
35	S	O	0.999739	0.000006	0.000034	0.000240	0.000000	0.000000	0.000000	0.000000	0.000000	0.000000	0.000000	0.000000	0.000000	0.000000	0.000000	0.000000	0.000000	0.000000
36	T	O	0.999751	0.000005	0.000021	0.000239	0.000000	0.000000	0.000000	0.000000	0.000000	0.000000	0.000000	0.000000	0.000000	0.000000	0.000000	0.000000	0.000000	0.000000
37	S	O	0.999769	0.000005	0.000014	0.000232	0.000000	0.000000	0.000000	0.000000	0.000000	0.000000	0.000000	0.000000	0.000000	0.000000	0.000000	0.000000	0.000000	0.000000
38	E	O	0.999783	0.000005	0.000010	0.000219	0.000000	0.000000	0.000000	0.000000	0.000000	0.000000	0.000000	0.000000	0.000000	0.000000	0.000000	0.000000	0.000000	0.000000
39	G	O	0.999805	0.000004	0.000008	0.000205	0.000000	0.000000	0.000000	0.000000	0.000000	0.000000	0.000000	0.000000	0.000000	0.000000	0.000000	0.000000	0.000000	0.000000
40	T	O	0.999825	0.000004	0.000006	0.000188	0.000000	0.000000	0.000000	0.000000	0.000000	0.000000	0.000000	0.000000	0.000000	0.000000	0.000000	0.000000	0.000000	0.000000
41	F	O	0.999836	0.000003	0.000006	0.000173	0.000000	0.000000	0.000000	0.000000	0.000000	0.000000	0.000000	0.000000	0.000000	0.000000	0.000000	0.000000	0.000000	0.000000
42	G	O	0.999850	0.000003	0.000005	0.000161	0.000000	0.000000	0.000000	0.000000	0.000000	0.000000	0.000000	0.000000	0.000000	0.000000	0.000000	0.000000	0.000000	0.000000
43	G	O	0.999863	0.000002	0.000005	0.000149	0.000000	0.000000	0.000000	0.000000	0.000000	0.000000	0.000000	0.000000	0.000000	0.000000	0.000000	0.000000	0.000000	0.000000
44	V	O	0.999871	0.000002	0.000005	0.000139	0.000000	0.000000	0.000000	0.000000	0.000000	0.000000	0.000000	0.000000	0.000000	0.000000	0.000000	0.000000	0.000000	0.000000
45	V	O	0.999877	0.000002	0.000004	0.000132	0.000000	0.000001	0.000000	0.000001	0.000000	0.000000	0.000000	0.000000	0.000000	0.000000	0.000000	0.000001	0.000000	0.000000
46	L	O	0.999882	0.000001	0.000004	0.000128	0.000001	0.000001	0.000000	0.000001	0.000000	0.000000	0.000000	0.000000	0.000000	0.000000	0.000000	0.000001	0.000000	0.000000
47	S	O	0.999881	0.000001	0.000003	0.000124	0.000001	0.000001	0.000000	0.000001	0.000000	0.000001	0.000000	0.000000	0.000000	0.000000	0.000000	0.000001	0.000000	0.000000
48	P	O	0.999880	0.000001	0.000003	0.000120	0.000001	0.000001	0.000000	0.000002	0.000000	0.000001	0.000001	0.000000	0.000000	0.000000	0.000000	0.000001	0.000000	0.000000
49	G	O	0.999886	0.000001	0.000002	0.000116	0.000001	0.000001	0.000000	0.000002	0.000000	0.000001	0.000001	0.000000	0.000000	0.000000	0.000000	0.000002	0.000000	0.000000
50	F	O	0.999887	0.000000	0.000002	0.000112	0.000001	0.000001	0.000000	0.000003	0.000000	0.000001	0.000001	0.000000	0.000000	0.000000	0.000000	0.000002	0.000001	0.000001
51	T	O	0.999885	0.000000	0.000001	0.000108	0.000001	0.000002	0.000000	0.000003	0.000000	0.000002	0.000002	0.000000	0.000000	0.000000	0.000000	0.000003	0.000001	0.000001
52	A	O	0.999888	0.000000	0.000001	0.000103	0.000001	0.000002	0.000001	0.000004	0.000001	0.000002	0.000002	0.000000	0.000000	0.000000	0.000000	0.000003	0.000001	0.000001
53	T	O	0.999893	0.000000	0.000001	0.000097	0.000001	0.000002	0.000001	0.000005	0.000001	0.000003	0.000003	0.000000	0.000000	0.000000	0.000000	0.000003	0.000001	0.000001
54	S	O	0.999900	0.000000	0.000001	0.000090	0.000001	0.000002	0.000001	0.000005	0.000001	0.000003	0.000004	0.000000	0.000000	0.000000	0.000000	0.000004	0.000001	0.000001
55	G	O	0.999898	0.000000	0.000000	0.000083	0.000002	0.000002	0.000001	0.000006	0.000001	0.000004	0.000005	0.000000	0.000000	0.000000	0.000000	0.000004	0.000001	0.000001
56	S	O	0.999903	0.000000	0.000000	0.000074	0.000002	0.000002	0.000001	0.000007	0.000001	0.000004	0.000006	0.000000	0.000000	0.000000	0.000000	0.000005	0.000002	0.000001
57	Y	O	0.999910	0.000000	0.000000	0.000066	0.000002	0.000003	0.000001	0.000008	0.000001	0.000006	0.000007	0.000000	0.000000	0.000000	0.000000	0.000005	0.000002	0.000002
58	A	O	0.999910	0.000000	0.000000	0.000057	0.000002	0.000003	0.000001	0.000009	0.000001	0.000007	0.000008	0.000000	0.000000	0.000000	0.000000	0.000006	0.000002	0.000002
59	G	O	0.999912	0.000000	0.000000	0.000049	0.000002	0.000003	0.000001	0.000010	0.000001	0.000008	0.000010	0.000000	0.000000	0.000000	0.000000	0.000006	0.000002	0.000002
60	V	O	0.999912	0.000000	0.000000	0.000041	0.000002	0.000003	0.000001	0.000010	0.000001	0.000009	0.000012	0.000000	0.000000	0.000000	0.000001	0.000007	0.000003	0.000003
61	A	O	0.999918	0.000000	0.000000	0.000033	0.000002	0.000003	0.000001	0.000011	0.000001	0.000010	0.000015	0.000000	0.000000	0.000001	0.000001	0.000008	0.000003	0.000003
62	R	O	0.999916	0.000000	0.000000	0.000027	0.000002	0.000003	0.000002	0.000011	0.000002	0.000011	0.000020	0.000000	0.000000	0.000001	0.000001	0.000009	0.000003	0.000003
63	R	O	0.999913	0.000000	0.000000	0.000021	0.000002	0.000004	0.000002	0.000012	0.000002	0.000012	0.000023	0.000000	0.000000	0.000001	0.000001	0.000010	0.000004	0.000004
64	V	O	0.999909	0.000000	0.000000	0.000015	0.000002	0.000004	0.000002	0.000014	0.000001	0.000016	0.000026	0.000000	0.000000	0.000001	0.000001	0.000010	0.000005	0.000004
65	A	O	0.999902	0.000000	0.000000	0.000011	0.000001	0.000005	0.000002	0.000012	0.000001	0.000020	0.000032	0.000000	0.000000	0.000002	0.000002	0.000010	0.000006	0.000006
66	S	O	0.999888	0.000000	0.000000	0.000008	0.000001	0.000005	0.000003	0.000008	0.000000	0.000021	0.000043	0.000000	0.000000	0.000002	0.000003	0.000008	0.000007	0.000007
67	H	O	0.999896	0.000000	0.000000	0.000005	0.000000	0.000005	0.000003	0.000003	0.000000	0.000018	0.000050	0.000000	0.000000	0.000002	0.000004	0.000004	0.000009	0.000009
68	G	O	0.999909	0.000000	0.000000	0.000002	0.000000	0.000003	0.000004	0.000000	0.000000	0.000009	0.000054	0.000000	0.000000	0.000002	0.000005	0.000000	0.000007	0.000012
69	F	O	0.999943	0.000000	0.000000	0.000000	0.000000	0.000000	0.000005	0.000000	0.000000	0.000000	0.000036	0.000000	0.000000	0.000000	0.000009	0.000000	0.000000	0.000013
70	V	O	0.999999	0.000000	0.000000	0.000000	0.000000	0.000000	0.000000	0.000000	0.000000	0.000000	0.000000	0.000000	0.000000	0.000000	0.000000	0.000000	0.000000	0.000000
