# Name=tournament_wt_263
# pos	aa	label	Other	Sec/SPI n	Sec/SPI h	Sec/SPI c	Sec/SPII n	Sec/SPII h	Sec/SPII cys	Tat/SPI n	Tat/SPI RR	Tat/SPI h	Tat/SPI c	Tat/SPII n	Tat/SPII RR	Tat/SPII h	Tat/SPII cys	Sec/SPIII P	Sec/SPIII cons.	Sec/SPIII h
1	A	O	0.984818	0.015087	0.000000	0.000000	0.000070	0.000000	0.000000	0.000000	0.000000	0.000000	0.000000	0.000000	0.000000	0.000000	0.000000	0.000009	0.000000	0.000000
2	S	O	0.984821	0.010455	0.004632	0.000000	0.000051	0.000020	0.000000	0.000000	0.000000	0.000000	0.000000	0.000000	0.000000	0.000000	0.000000	0.000008	0.000001	0.000000
3	V	O	0.984818	0.007176	0.006540	0.001371	0.000036	0.000034	0.000000	0.000000	0.000000	0.000000	0.000000	0.000000	0.000000	0.000000	0.000000	0.000007	0.000002	0.000001
4	G	O	0.984882	0.005251	0.006156	0.003622	0.000026	0.000041	0.000004	0.000000	0.000000	0.000000	0.000000	0.000000	0.000000	0.000000	0.000000	0.000006	0.000001	0.000001
5	A	O	0.985097	0.003827	0.005432	0.005562	0.000019	0.000040	0.000008	0.000000	0.000000	0.000000	0.000000	0.000000	0.000000	0.000000	0.000000	0.000005	0.000001	0.000001
6	S	O	0.985510	0.002829	0.004404	0.007187	0.000014	0.000036	0.000009	0.000000	0.000000	0.000000	0.000000	0.000000	0.000000	0.000000	0.000000	0.000004	0.000001	0.000001
7	R	O	0.986099	0.002077	0.003409	0.008352	0.000010	0.000029	0.000011	0.000000	0.000000	0.000000	0.000000	0.000000	0.000000	0.000000	0.000000	0.000003	0.000001	0.000001
8	G	O	0.986911	0.001497	0.002574	0.008969	0.000007	0.000024	0.000008	0.000000	0.000000	0.000000	0.000000	0.000000	0.000000	0.000000	0.000000	0.000003	0.000001	0.000001
9	T	O	0.988054	0.001070	0.001953	0.008883	0.000005	0.000020	0.000007	0.000000	0.000000	0.000000	0.000000	0.000000	0.000000	0.000000	0.000000	0.000002	0.000001	0.000001
10	F	O	0.989406	0.000741	0.001497	0.008318	0.000003	0.000015	0.000006	0.000000	0.000000	0.000000	0.000000	0.000000	0.000000	0.000000	0.000000	0.000002	0.000001	0.000001
11	A	O	0.990934	0.000537	0.001041	0.007462	0.000002	0.000012	0.000005	0.000000	0.000000	0.000000	0.000000	0.000000	0.000000	0.000000	0.000000	0.000001	0.000001	0.000001
12	T	O	0.993102	0.000377	0.000835	0.005664	0.000001	0.000008	0.000005	0.000000	0.000000	0.000000	0.000000	0.000000	0.000000	0.000000	0.000000	0.000001	0.000001	0.000001
13	A	O	0.994988	0.000270	0.000650	0.004077	0.000001	0.000005	0.000003	0.000000	0.000000	0.000000	0.000000	0.000000	0.000000	0.000000	0.000000	0.000001	0.000000	0.000001
14	Q	O	0.996749	0.000190	0.000548	0.002503	0.000000	0.000003	0.000002	0.000000	0.000000	0.000000	0.000000	0.000000	0.000000	0.000000	0.000000	0.000000	0.000000	0.000000
15	V	O	0.997724	0.000127	0.000452	0.001691	0.000000	0.000002	0.000001	0.000000	0.000000	0.000000	0.000000	0.000000	0.000000	0.000000	0.000000	0.000000	0.000000	0.000000
16	S	O	0.998288	0.000087	0.000336	0.001284	0.000000	0.000002	0.000001	0.000000	0.000000	0.000000	0.000000	0.000000	0.000000	0.000000	0.000000	0.000000	0.000000	0.000000
17	V	O	0.998688	0.000059	0.000237	0.001015	0.000000	0.000001	0.000001	0.000000	0.000000	0.000000	0.000000	0.000000	0.000000	0.000000	0.000000	0.000000	0.000000	0.000000
18	P	O	0.998983	0.000043	0.000145	0.000830	0.000000	0.000001	0.000000	0.000000	0.000000	0.000000	0.000000	0.000000	0.000000	0.000000	0.000000	0.000000	0.000000	0.000000
19	A	O	0.999268	0.000031	0.000094	0.000608	0.000000	0.000001	0.000000	0.000000	0.000000	0.000000	0.000000	0.000000	0.000000	0.000000	0.000000	0.000000	0.000000	0.000000
20	G	O	0.999487	0.000024	0.000062	0.000427	0.000000	0.000000	0.000000	0.000000	0.000000	0.000000	0.000000	0.000000	0.000000	0.000000	0.000000	0.000000	0.000000	0.000000
21	N	O	0.999642	0.000019	0.000040	0.000304	0.000000	0.000000	0.000000	0.000000	0.000000	0.000000	0.000000	0.000000	0.000000	0.000000	0.000000	0.000000	0.000000	0.000000
22	G	O	0.999756	0.000015	0.000027	0.000206	0.000000	0.000000	0.000000	0.000000	0.000000	0.000000	0.000000	0.000000	0.000000	0.000000	0.000000	0.000000	0.000000	0.000000
23	F	O	0.999839	0.000012	0.000020	0.000134	0.000000	0.000000	0.000000	0.000000	0.000000	0.000000	0.000000	0.000000	0.000000	0.000000	0.000000	0.000000	0.000000	0.000000
24	G	O	0.999893	0.000010	0.000014	0.000091	0.000000	0.000000	0.000000	0.000000	0.000000	0.000000	0.000000	0.000000	0.000000	0.000000	0.000000	0.000000	0.000000	0.000000
25	G	O	0.999930	0.000008	0.000011	0.000058	0.000000	0.000000	0.000000	0.000000	0.000000	0.000000	0.000000	0.000000	0.000000	0.000000	0.000000	0.000000	0.000000	0.000000
26	G	O	0.999951	0.000007	0.000009	0.000036	0.000000	0.000000	0.000000	0.000000	0.000000	0.000000	0.000000	0.000000	0.000000	0.000000	0.000000	0.000000	0.000000	0.000000
27	V	O	0.999971	0.000005	0.000008	0.000023	0.000000	0.000000	0.000000	0.000000	0.000000	0.000000	0.000000	0.000000	0.000000	0.000000	0.000000	0.000000	0.000000	0.000000
28	I	O	0.999976	0.000004	0.000006	0.000016	0.000000	0.000000	0.000000	0.000000	0.000000	0.000000	0.000000	0.000000	0.000000	0.000000	0.000000	0.000000	0.000000	0.000000
29	Y	O	0.999986	0.000004	0.000005	0.000012	0.000000	0.000000	0.000000	0.000000	0.000000	0.000000	0.000000	0.000000	0.000000	0.000000	0.000000	0.000000	0.000000	0.000000
30	Y	O	0.999991	0.000003	0.000005	0.000010	0.000000	0.000000	0.000000	0.000000	0.000000	0.000000	0.000000	0.000000	0.000000	0.000000	0.000000	0.000000	0.000000	0.000000
31	P	O	0.999990	0.000002	0.000004	0.000008	0.000000	0.000000	0.000000	0.000000	0.000000	0.000000	0.000000	0.000000	0.000000	0.000000	0.000000	0.000000	0.000000	0.000000
32	T	O	0.999992	0.000002	0.000003	0.000007	0.000000	0.000000	0.000000	0.000000	0.000000	0.000000	0.000000	0.000000	0.000000	0.000000	0.000000	0.000000	0.000000	0.000000
33	D	O	0.999991	0.000002	0.000002	0.000007	0.000000	0.000000	0.000000	0.000000	0.000000	0.000000	0.000000	0.000000	0.000000	0.000000	0.000000	0.000000	0.000000	0.000000
34	T	O	0.999994	0.000001	0.000002	0.000006	0.000000	0.000000	0.000000	0.000000	0.000000	0.000000	0.000000	0.000000	0.000000	0.000000	0.000000	0.000000	0.000000	0.000000
35	S	O	0.999994	0.000001	0.000001	0.000006	0.000000	0.000000	0.000000	0.000000	0.000000	0.000000	0.000000	0.000000	0.000000	0.000000	0.000000	0.000000	0.000000	0.000000
36	Q	O	0.999998	0.000001	0.000001	0.000005	0.000000	0.000000	0.000000	0.000000	0.000000	0.000000	0.000000	0.000000	0.000000	0.000000	0.000000	0.000000	0.000000	0.000000
37	G	O	0.999994	0.000001	0.000001	0.000005	0.000000	0.000000	0.000000	0.000000	0.000000	0.000000	0.000000	0.000000	0.000000	0.000000	0.000000	0.000000	0.000000	0.000000
38	R	O	0.999997	0.000001	0.000001	0.000004	0.000000	0.000000	0.000000	0.000000	0.000000	0.000000	0.000000	0.000000	0.000000	0.000000	0.000000	0.000000	0.000000	0.000000
39	F	O	1.000000	0.000001	0.000001	0.000004	0.000000	0.000000	0.000000	0.000000	0.000000	0.000000	0.000000	0.000000	0.000000	0.000000	0.000000	0.000000	0.000000	0.000000
40	G	O	0.999998	0.000001	0.000000	0.000003	0.000000	0.000000	0.000000	0.000000	0.000000	0.000000	0.000000	0.000000	0.000000	0.000000	0.000000	0.000000	0.000000	0.000000
41	A	O	0.999996	0.000000	0.000000	0.000002	0.000000	0.000000	0.000000	0.000000	0.000000	0.000000	0.000000	0.000000	0.000000	0.000000	0.000000	0.000000	0.000000	0.000000
42	V	O	0.999996	0.000000	0.000000	0.000002	0.000000	0.000000	0.000000	0.000000	0.000000	0.000000	0.000000	0.000000	0.000000	0.000000	0.000000	0.000000	0.000000	0.000000
43	A	O	1.000001	0.000000	0.000000	0.000002	0.000000	0.000000	0.000000	0.000000	0.000000	0.000000	0.000000	0.000000	0.000000	0.000000	0.000000	0.000000	0.000000	0.000000
44	V	O	0.999998	0.000000	0.000000	0.000001	0.000000	0.000000	0.000000	0.000000	0.000000	0.000000	0.000000	0.000000	0.000000	0.000000	0.000000	0.000000	0.000000	0.000000
45	V	O	0.999996	0.000000	0.000000	0.000001	0.000000	0.000000	0.000000	0.000000	0.000000	0.000000	0.000000	0.000000	0.000000	0.000000	0.000000	0.000000	0.000000	0.000000
46	P	O	1.000001	0.000000	0.000000	0.000001	0.000000	0.000000	0.000000	0.000000	0.000000	0.000000	0.000000	0.000000	0.000000	0.000000	0.000000	0.000000	0.000000	0.000000
47	G	O	0.999998	0.000000	0.000000	0.000001	0.000000	0.000000	0.000000	0.000000	0.000000	0.000000	0.000000	0.000000	0.000000	0.000000	0.000000	0.000001	0.000000	0.000000
48	Y	O	0.999995	0.000000	0.000000	0.000001	0.000001	0.000000	0.000000	0.000000	0.000000	0.000000	0.000000	0.000000	0.000000	0.000000	0.000000	0.000001	0.000000	0.000000
49	T	O	0.999995	0.000000	0.000000	0.000001	0.000001	0.000000	0.000000	0.000000	0.000000	0.000000	0.000000	0.000000	0.000000	0.000000	0.000000	0.000001	0.000000	0.000000
50	A	O	0.999993	0.000000	0.000000	0.000001	0.000001	0.000000	0.000000	0.000001	0.000000	0.000000	0.000000	0.000000	0.000000	0.000000	0.000000	0.000002	0.000000	0.000000
51	T	O	0.999991	0.000000	0.000000	0.000001	0.000002	0.000001	0.000000	0.000001	0.000000	0.000000	0.000000	0.000000	0.000000	0.000000	0.000000	0.000002	0.000000	0.000000
52	W	O	0.999989	0.000000	0.000000	0.000001	0.000003	0.000001	0.000000	0.000001	0.000000	0.000000	0.000000	0.000000	0.000000	0.000000	0.000000	0.000003	0.000000	0.000000
53	A	O	0.999981	0.000000	0.000000	0.000001	0.000004	0.000001	0.000000	0.000002	0.000000	0.000000	0.000000	0.000000	0.000000	0.000000	0.000000	0.000004	0.000000	0.000000
54	A	O	0.999976	0.000000	0.000000	0.000000	0.000005	0.000002	0.000000	0.000003	0.000001	0.000001	0.000000	0.000000	0.000000	0.000000	0.000000	0.000006	0.000001	0.000000
55	E	O	0.999970	0.000000	0.000000	0.000000	0.000007	0.000003	0.000000	0.000005	0.000001	0.000001	0.000001	0.000001	0.000000	0.000000	0.000000	0.000008	0.000001	0.000001
56	G	O	0.999956	0.000000	0.000000	0.000000	0.000009	0.000006	0.000000	0.000008	0.000001	0.000002	0.000001	0.000001	0.000000	0.000000	0.000000	0.000011	0.000002	0.000001
57	A	O	0.999942	0.000000	0.000000	0.000000	0.000010	0.000009	0.000001	0.000010	0.000002	0.000004	0.000001	0.000001	0.000000	0.000001	0.000000	0.000012	0.000004	0.000001
58	W	O	0.999925	0.000000	0.000000	0.000000	0.000010	0.000014	0.000001	0.000013	0.000002	0.000007	0.000002	0.000001	0.000000	0.000001	0.000000	0.000011	0.000008	0.000002
59	M	O	0.999907	0.000000	0.000000	0.000000	0.000008	0.000020	0.000002	0.000013	0.000003	0.000012	0.000003	0.000001	0.000000	0.000002	0.000000	0.000009	0.000012	0.000005
60	G	O	0.999895	0.000000	0.000000	0.000000	0.000008	0.000025	0.000002	0.000012	0.000003	0.000015	0.000005	0.000001	0.000000	0.000003	0.000001	0.000007	0.000015	0.000007
61	P	O	0.999879	0.000000	0.000000	0.000000	0.000008	0.000029	0.000006	0.000012	0.000003	0.000019	0.000007	0.000001	0.000000	0.000004	0.000001	0.000006	0.000016	0.000009
62	W	O	0.999874	0.000000	0.000000	0.000000	0.000005	0.000036	0.000005	0.000011	0.000002	0.000023	0.000010	0.000001	0.000000	0.000004	0.000001	0.000004	0.000014	0.000013
63	L	O	0.999870	0.000000	0.000000	0.000000	0.000003	0.000041	0.000004	0.000008	0.000002	0.000024	0.000013	0.000001	0.000000	0.000005	0.000001	0.000002	0.000012	0.000014
64	A	O	0.999869	0.000000	0.000000	0.000000	0.000003	0.000044	0.000007	0.000006	0.000001	0.000023	0.000018	0.000000	0.000000	0.000005	0.000002	0.000002	0.000008	0.000016
65	S	O	0.999871	0.000000	0.000000	0.000000	0.000002	0.000044	0.000011	0.000005	0.000000	0.000020	0.000024	0.000000	0.000000	0.000005	0.000002	0.000002	0.000006	0.000016
66	F	O	0.999879	0.000000	0.000000	0.000000	0.000001	0.000039	0.000016	0.000003	0.000000	0.000017	0.000027	0.000000	0.000000	0.000006	0.000002	0.000001	0.000004	0.000014
67	G	O	0.999889	0.000000	0.000000	0.000000	0.000000	0.000035	0.000013	0.000001	0.000000	0.000011	0.000033	0.000000	0.000000	0.000006	0.000003	0.000001	0.000004	0.000011
68	F	O	0.999901	0.000000	0.000000	0.000000	0.000000	0.000020	0.000026	0.000000	0.000000	0.000006	0.000030	0.000000	0.000000	0.000004	0.000006	0.000000	0.000004	0.000012
69	V	O	0.999922	0.000000	0.000000	0.000000	0.000000	0.000000	0.000030	0.000000	0.000000	0.000000	0.000029	0.000000	0.000000	0.000000	0.000012	0.000000	0.000000	0.000014
70	V	O	1.000004	0.000000	0.000000	0.000000	0.000000	0.000000	0.000000	0.000000	0.000000	0.000000	0.000000	0.000000	0.000000	0.000000	0.000000	0.000000	0.000000	0.000000
