# Name=tournament_wt_246
# pos	aa	label	Other	Sec/SPI n	Sec/SPI h	Sec/SPI c	Sec/SPII n	Sec/SPII h	Sec/SPII cys	Tat/SPI n	Tat/SPI RR	Tat/SPI h	Tat/SPI c	Tat/SPII n	Tat/SPII RR	Tat/SPII h	Tat/SPII cys	Sec/SPIII P	Sec/SPIII cons.	Sec/SPIII h
1	S	O	0.995453	0.004288	0.000000	0.000000	0.000232	0.000000	0.000000	0.000002	0.000000	0.000000	0.000000	0.000000	0.000000	0.000000	0.000000	0.000047	0.000000	0.000000
2	V	O	0.995459	0.003188	0.001100	0.000000	0.000156	0.000076	0.000000	0.000001	0.000000	0.000001	0.000000	0.000000	0.000000	0.000000	0.000000	0.000036	0.000011	0.000000
3	S	O	0.995463	0.002610	0.001481	0.000197	0.000110	0.000123	0.000000	0.000001	0.000000	0.000001	0.000000	0.000000	0.000000	0.000000	0.000000	0.000028	0.000010	0.000008
4	A	O	0.995491	0.002138	0.001710	0.000418	0.000081	0.000134	0.000017	0.000001	0.000000	0.000001	0.000000	0.000000	0.000000	0.000000	0.000000	0.000023	0.000008	0.000009
5	K	O	0.995566	0.001752	0.001835	0.000627	0.000060	0.000125	0.000030	0.000000	0.000000	0.000000	0.000001	0.000000	0.000000	0.000000	0.000000	0.000018	0.000007	0.000008
6	L	O	0.995683	0.001406	0.001888	0.000849	0.000042	0.000111	0.000032	0.000000	0.000000	0.000000	0.000000	0.000000	0.000000	0.000000	0.000000	0.000014	0.000006	0.000006
7	G	O	0.995802	0.001130	0.001834	0.001097	0.000031	0.000096	0.000026	0.000000	0.000000	0.000000	0.000000	0.000000	0.000000	0.000000	0.000000	0.000011	0.000005	0.000005
8	P	O	0.995933	0.000883	0.001764	0.001310	0.000023	0.000076	0.000028	0.000000	0.000000	0.000000	0.000000	0.000000	0.000000	0.000000	0.000000	0.000009	0.000004	0.000004
9	F	O	0.996097	0.000670	0.001687	0.001472	0.000016	0.000062	0.000021	0.000000	0.000000	0.000000	0.000000	0.000000	0.000000	0.000000	0.000000	0.000007	0.000003	0.000003
10	A	O	0.996249	0.000493	0.001572	0.001631	0.000011	0.000051	0.000016	0.000000	0.000000	0.000000	0.000000	0.000000	0.000000	0.000000	0.000000	0.000005	0.000002	0.000003
11	F	O	0.996431	0.000341	0.001467	0.001727	0.000008	0.000040	0.000014	0.000000	0.000000	0.000000	0.000000	0.000000	0.000000	0.000000	0.000000	0.000004	0.000002	0.000002
12	T	O	0.996604	0.000230	0.001291	0.001859	0.000005	0.000033	0.000010	0.000000	0.000000	0.000000	0.000000	0.000000	0.000000	0.000000	0.000000	0.000003	0.000002	0.000002
13	Q	O	0.996776	0.000149	0.001099	0.001967	0.000003	0.000025	0.000009	0.000000	0.000000	0.000000	0.000000	0.000000	0.000000	0.000000	0.000000	0.000002	0.000001	0.000001
14	V	O	0.996947	0.000090	0.000879	0.002087	0.000002	0.000020	0.000007	0.000000	0.000000	0.000000	0.000000	0.000000	0.000000	0.000000	0.000000	0.000002	0.000001	0.000001
15	P	O	0.997091	0.000054	0.000602	0.002259	0.000001	0.000015	0.000006	0.000000	0.000000	0.000000	0.000000	0.000000	0.000000	0.000000	0.000000	0.000001	0.000001	0.000001
16	A	O	0.997273	0.000032	0.000385	0.002328	0.000001	0.000011	0.000004	0.000000	0.000000	0.000000	0.000000	0.000000	0.000000	0.000000	0.000000	0.000001	0.000001	0.000001
17	P	O	0.997461	0.000017	0.000221	0.002325	0.000000	0.000008	0.000004	0.000000	0.000000	0.000000	0.000000	0.000000	0.000000	0.000000	0.000000	0.000001	0.000000	0.000001
18	A	O	0.997662	0.000010	0.000102	0.002255	0.000000	0.000005	0.000003	0.000000	0.000000	0.000000	0.000000	0.000000	0.000000	0.000000	0.000000	0.000001	0.000000	0.000000
19	N	O	0.997973	0.000007	0.000043	0.002010	0.000000	0.000003	0.000002	0.000000	0.000000	0.000000	0.000000	0.000000	0.000000	0.000000	0.000000	0.000000	0.000000	0.000000
20	A	O	0.998387	0.000005	0.000015	0.001635	0.000000	0.000002	0.000001	0.000000	0.000000	0.000000	0.000000	0.000000	0.000000	0.000000	0.000000	0.000000	0.000000	0.000000
21	S	O	0.999236	0.000004	0.000010	0.000789	0.000000	0.000001	0.000001	0.000000	0.000000	0.000000	0.000000	0.000000	0.000000	0.000000	0.000000	0.000000	0.000000	0.000000
22	A	O	0.999632	0.000003	0.000007	0.000404	0.000000	0.000000	0.000000	0.000000	0.000000	0.000000	0.000000	0.000000	0.000000	0.000000	0.000000	0.000000	0.000000	0.000000
23	G	O	0.999844	0.000002	0.000005	0.000196	0.000000	0.000000	0.000000	0.000000	0.000000	0.000000	0.000000	0.000000	0.000000	0.000000	0.000000	0.000000	0.000000	0.000000
24	F	O	0.999943	0.000002	0.000004	0.000101	0.000000	0.000000	0.000000	0.000000	0.000000	0.000000	0.000000	0.000000	0.000000	0.000000	0.000000	0.000000	0.000000	0.000000
25	N	O	0.999981	0.000001	0.000003	0.000058	0.000000	0.000000	0.000000	0.000000	0.000000	0.000000	0.000000	0.000000	0.000000	0.000000	0.000000	0.000000	0.000000	0.000000
26	Q	O	1.000007	0.000001	0.000002	0.000033	0.000000	0.000000	0.000000	0.000000	0.000000	0.000000	0.000000	0.000000	0.000000	0.000000	0.000000	0.000000	0.000000	0.000000
27	G	O	1.000022	0.000001	0.000002	0.000019	0.000000	0.000000	0.000000	0.000000	0.000000	0.000000	0.000000	0.000000	0.000000	0.000000	0.000000	0.000000	0.000000	0.000000
28	T	O	1.000031	0.000001	0.000001	0.000011	0.000000	0.000000	0.000000	0.000000	0.000000	0.000000	0.000000	0.000000	0.000000	0.000000	0.000000	0.000000	0.000000	0.000000
29	V	O	1.000036	0.000001	0.000001	0.000007	0.000000	0.000000	0.000000	0.000000	0.000000	0.000000	0.000000	0.000000	0.000000	0.000000	0.000000	0.000000	0.000000	0.000000
30	Y	O	1.000038	0.000000	0.000001	0.000005	0.000000	0.000000	0.000000	0.000000	0.000000	0.000000	0.000000	0.000000	0.000000	0.000000	0.000000	0.000000	0.000000	0.000000
31	Y	O	1.000036	0.000000	0.000001	0.000003	0.000000	0.000000	0.000000	0.000000	0.000000	0.000000	0.000000	0.000000	0.000000	0.000000	0.000000	0.000000	0.000000	0.000000
32	P	O	1.000044	0.000000	0.000001	0.000003	0.000000	0.000000	0.000000	0.000000	0.000000	0.000000	0.000000	0.000000	0.000000	0.000000	0.000000	0.000000	0.000000	0.000000
33	N	O	1.000039	0.000000	0.000000	0.000002	0.000000	0.000000	0.000000	0.000000	0.000000	0.000000	0.000000	0.000000	0.000000	0.000000	0.000000	0.000000	0.000000	0.000000
34	D	O	1.000043	0.000000	0.000000	0.000002	0.000000	0.000000	0.000000	0.000000	0.000000	0.000000	0.000000	0.000000	0.000000	0.000000	0.000000	0.000000	0.000000	0.000000
35	T	O	1.000038	0.000000	0.000000	0.000001	0.000000	0.000000	0.000000	0.000000	0.000000	0.000000	0.000000	0.000000	0.000000	0.000000	0.000000	0.000000	0.000000	0.000000
36	G	O	1.000043	0.000000	0.000000	0.000001	0.000000	0.000000	0.000000	0.000000	0.000000	0.000000	0.000000	0.000000	0.000000	0.000000	0.000000	0.000000	0.000000	0.000000
37	Q	O	1.000037	0.000000	0.000000	0.000001	0.000000	0.000000	0.000000	0.000000	0.000000	0.000000	0.000000	0.000000	0.000000	0.000000	0.000000	0.000000	0.000000	0.000000
38	G	O	1.000035	0.000000	0.000000	0.000001	0.000000	0.000000	0.000000	0.000000	0.000000	0.000000	0.000000	0.000000	0.000000	0.000000	0.000000	0.000000	0.000000	0.000000
39	T	O	1.000036	0.000000	0.000000	0.000001	0.000000	0.000000	0.000000	0.000000	0.000000	0.000000	0.000000	0.000000	0.000000	0.000000	0.000000	0.000000	0.000000	0.000000
40	F	O	1.000032	0.000000	0.000000	0.000001	0.000000	0.000000	0.000000	0.000000	0.000000	0.000000	0.000000	0.000000	0.000000	0.000000	0.000000	0.000000	0.000000	0.000000
41	G	O	1.000036	0.000000	0.000000	0.000001	0.000000	0.000000	0.000000	0.000000	0.000000	0.000000	0.000000	0.000000	0.000000	0.000000	0.000000	0.000000	0.000000	0.000000
42	A	O	1.000032	0.000000	0.000000	0.000000	0.000000	0.000000	0.000000	0.000000	0.000000	0.000000	0.000000	0.000000	0.000000	0.000000	0.000000	0.000000	0.000000	0.000000
43	I	O	1.000039	0.000000	0.000000	0.000000	0.000000	0.000000	0.000000	0.000000	0.000000	0.000000	0.000000	0.000000	0.000000	0.000000	0.000000	0.000000	0.000000	0.000000
44	A	O	1.000034	0.000000	0.000000	0.000000	0.000000	0.000000	0.000000	0.000000	0.000000	0.000000	0.000000	0.000000	0.000000	0.000000	0.000000	0.000000	0.000000	0.000000
45	I	O	1.000031	0.000000	0.000000	0.000000	0.000000	0.000000	0.000000	0.000000	0.000000	0.000000	0.000000	0.000000	0.000000	0.000000	0.000000	0.000000	0.000000	0.000000
46	T	O	1.000031	0.000000	0.000000	0.000000	0.000000	0.000000	0.000000	0.000000	0.000000	0.000000	0.000000	0.000000	0.000000	0.000000	0.000000	0.000000	0.000000	0.000000
47	P	O	1.000035	0.000000	0.000000	0.000000	0.000000	0.000000	0.000000	0.000000	0.000000	0.000000	0.000000	0.000000	0.000000	0.000000	0.000000	0.000001	0.000000	0.000000
48	G	O	1.000034	0.000000	0.000000	0.000000	0.000000	0.000000	0.000000	0.000001	0.000000	0.000000	0.000000	0.000000	0.000000	0.000000	0.000000	0.000001	0.000000	0.000000
49	F	O	1.000028	0.000000	0.000000	0.000000	0.000000	0.000000	0.000000	0.000001	0.000000	0.000000	0.000000	0.000000	0.000000	0.000000	0.000000	0.000001	0.000000	0.000000
50	L	O	1.000029	0.000000	0.000000	0.000000	0.000000	0.000000	0.000000	0.000001	0.000000	0.000000	0.000001	0.000000	0.000000	0.000000	0.000000	0.000001	0.000000	0.000000
51	S	O	1.000025	0.000000	0.000000	0.000000	0.000000	0.000000	0.000000	0.000001	0.000000	0.000001	0.000001	0.000000	0.000000	0.000000	0.000000	0.000001	0.000000	0.000000
52	P	O	1.000023	0.000000	0.000000	0.000000	0.000001	0.000001	0.000000	0.000002	0.000000	0.000001	0.000001	0.000000	0.000000	0.000000	0.000000	0.000001	0.000000	0.000000
53	E	O	1.000020	0.000000	0.000000	0.000000	0.000001	0.000001	0.000000	0.000002	0.000000	0.000001	0.000001	0.000000	0.000000	0.000000	0.000000	0.000002	0.000000	0.000000
54	S	O	1.000020	0.000000	0.000000	0.000000	0.000001	0.000001	0.000000	0.000003	0.000000	0.000001	0.000002	0.000000	0.000000	0.000000	0.000000	0.000002	0.000001	0.000001
55	S	O	1.000021	0.000000	0.000000	0.000000	0.000001	0.000001	0.000000	0.000004	0.000000	0.000002	0.000002	0.000000	0.000000	0.000000	0.000000	0.000003	0.000001	0.000001
56	I	O	1.000013	0.000000	0.000000	0.000000	0.000001	0.000001	0.000000	0.000004	0.000001	0.000003	0.000003	0.000000	0.000000	0.000000	0.000000	0.000003	0.000001	0.000001
57	G	O	1.000016	0.000000	0.000000	0.000000	0.000001	0.000001	0.000000	0.000005	0.000001	0.000003	0.000004	0.000000	0.000000	0.000000	0.000000	0.000003	0.000001	0.000001
58	W	O	1.000008	0.000000	0.000000	0.000000	0.000001	0.000001	0.000001	0.000006	0.000001	0.000004	0.000004	0.000000	0.000000	0.000000	0.000000	0.000004	0.000001	0.000001
59	L	O	1.000005	0.000000	0.000000	0.000000	0.000001	0.000002	0.000001	0.000006	0.000001	0.000005	0.000005	0.000000	0.000000	0.000000	0.000000	0.000004	0.000001	0.000001
60	G	O	0.999999	0.000000	0.000000	0.000000	0.000001	0.000002	0.000001	0.000007	0.000001	0.000006	0.000007	0.000000	0.000000	0.000000	0.000000	0.000005	0.000001	0.000002
61	P	O	0.999992	0.000000	0.000000	0.000000	0.000001	0.000002	0.000001	0.000008	0.000001	0.000007	0.000010	0.000000	0.000000	0.000000	0.000000	0.000006	0.000002	0.000002
62	R	O	0.999987	0.000000	0.000000	0.000000	0.000002	0.000002	0.000001	0.000009	0.000001	0.000008	0.000013	0.000000	0.000000	0.000001	0.000001	0.000007	0.000002	0.000002
63	L	O	0.999975	0.000000	0.000000	0.000000	0.000001	0.000003	0.000001	0.000010	0.000001	0.000010	0.000015	0.000000	0.000000	0.000001	0.000001	0.000008	0.000003	0.000002
64	A	O	0.999962	0.000000	0.000000	0.000000	0.000001	0.000003	0.000001	0.000010	0.000001	0.000012	0.000019	0.000000	0.000000	0.000001	0.000001	0.000009	0.000004	0.000003
65	S	O	0.999947	0.000000	0.000000	0.000000	0.000001	0.000004	0.000001	0.000009	0.000001	0.000014	0.000024	0.000000	0.000000	0.000001	0.000001	0.000008	0.000005	0.000004
66	N	O	0.999934	0.000000	0.000000	0.000000	0.000000	0.000004	0.000002	0.000006	0.000000	0.000014	0.000029	0.000000	0.000000	0.000001	0.000002	0.000007	0.000006	0.000005
67	G	O	0.999940	0.000000	0.000000	0.000000	0.000000	0.000003	0.000002	0.000004	0.000000	0.000012	0.000032	0.000000	0.000000	0.000001	0.000002	0.000004	0.000007	0.000007
68	F	O	0.999940	0.000000	0.000000	0.000000	0.000000	0.000002	0.000003	0.000000	0.000000	0.000010	0.000029	0.000000	0.000000	0.000001	0.000003	0.000000	0.000007	0.000008
69	V	O	0.999961	0.000000	0.000000	0.000000	0.000000	0.000000	0.000003	0.000000	0.000000	0.000000	0.000027	0.000000	0.000000	0.000000	0.000005	0.000000	0.000000	0.000010
70	V	O	1.000000	0.000000	0.000000	0.000000	0.000000	0.000000	0.000000	0.000000	0.000000	0.000000	0.000000	0.000000	0.000000	0.000000	0.000000	0.000000	0.000000	0.000000
