# Name=tournament_wt_153
# pos	aa	label	Other	Sec/SPI n	Sec/SPI h	Sec/SPI c	Sec/SPII n	Sec/SPII h	Sec/SPII cys	Tat/SPI n	Tat/SPI RR	Tat/SPI h	Tat/SPI c	Tat/SPII n	Tat/SPII RR	Tat/SPII h	Tat/SPII cys	Sec/SPIII P	Sec/SPIII cons.	Sec/SPIII h
1	A	O	0.962261	0.033985	0.000000	0.000000	0.003646	0.000000	0.000000	0.000013	0.000000	0.000000	0.000000	0.000006	0.000000	0.000000	0.000000	0.000094	0.000000	0.000000
2	S	O	0.962261	0.029216	0.004769	0.000000	0.003339	0.000307	0.000000	0.000010	0.000002	0.000000	0.000000	0.000005	0.000002	0.000000	0.000000	0.000090	0.000004	0.000000
3	V	O	0.962261	0.024982	0.008243	0.000760	0.003030	0.000616	0.000000	0.000010	0.000002	0.000001	0.000000	0.000005	0.000002	0.000000	0.000000	0.000086	0.000005	0.000003
4	T	O	0.962320	0.022273	0.009470	0.002187	0.002754	0.000883	0.000009	0.000010	0.000002	0.000001	0.000000	0.000005	0.000002	0.000000	0.000000	0.000082	0.000005	0.000004
5	A	O	0.962524	0.019733	0.010632	0.003374	0.002479	0.001138	0.000021	0.000009	0.000002	0.000001	0.000000	0.000004	0.000001	0.000000	0.000000	0.000079	0.000005	0.000004
6	T	O	0.962928	0.017498	0.011604	0.004261	0.002180	0.001408	0.000029	0.000009	0.000002	0.000001	0.000000	0.000004	0.000001	0.000000	0.000000	0.000075	0.000006	0.000004
7	T	O	0.963503	0.015174	0.012852	0.004791	0.001867	0.001688	0.000033	0.000009	0.000002	0.000002	0.000000	0.000004	0.000001	0.000001	0.000000	0.000070	0.000007	0.000005
8	G	O	0.964341	0.012675	0.014551	0.004791	0.001534	0.001983	0.000038	0.000008	0.000002	0.000002	0.000000	0.000004	0.000001	0.000001	0.000000	0.000064	0.000009	0.000005
9	P	O	0.965439	0.010071	0.016551	0.004339	0.001188	0.002290	0.000038	0.000007	0.000002	0.000003	0.000000	0.000004	0.000001	0.000001	0.000000	0.000057	0.000013	0.000005
10	F	O	0.966550	0.007019	0.019163	0.003711	0.000803	0.002638	0.000038	0.000006	0.000001	0.000004	0.000000	0.000003	0.000001	0.000002	0.000000	0.000046	0.000018	0.000007
11	A	O	0.967696	0.004740	0.021000	0.003051	0.000525	0.002878	0.000038	0.000005	0.000001	0.000005	0.000000	0.000003	0.000001	0.000003	0.000000	0.000033	0.000024	0.000009
12	V	O	0.969040	0.002759	0.022683	0.002048	0.000305	0.003040	0.000057	0.000004	0.000001	0.000006	0.000000	0.000002	0.000001	0.000004	0.000000	0.000020	0.000028	0.000013
13	T	O	0.969881	0.001731	0.023213	0.001769	0.000181	0.003100	0.000064	0.000003	0.000001	0.000007	0.000000	0.000001	0.000001	0.000004	0.000000	0.000012	0.000025	0.000017
14	T	O	0.970685	0.001047	0.023374	0.001561	0.000104	0.003099	0.000078	0.000003	0.000001	0.000008	0.000000	0.000001	0.000000	0.000004	0.000000	0.000007	0.000021	0.000016
15	Y	O	0.971387	0.000600	0.023197	0.001570	0.000058	0.003040	0.000105	0.000002	0.000001	0.000008	0.000000	0.000001	0.000000	0.000005	0.000000	0.000004	0.000016	0.000016
16	N	O	0.971987	0.000354	0.022526	0.001997	0.000031	0.002902	0.000165	0.000002	0.000000	0.000008	0.000001	0.000001	0.000000	0.000005	0.000000	0.000002	0.000011	0.000015
17	I	O	0.972901	0.000190	0.021822	0.002126	0.000016	0.002734	0.000183	0.000001	0.000000	0.000009	0.000001	0.000000	0.000000	0.000005	0.000000	0.000001	0.000008	0.000011
18	S	O	0.973572	0.000099	0.020263	0.003292	0.000008	0.002547	0.000195	0.000001	0.000000	0.000009	0.000001	0.000000	0.000000	0.000005	0.000000	0.000001	0.000005	0.000009
19	S	O	0.974444	0.000049	0.018142	0.004791	0.000004	0.002356	0.000195	0.000001	0.000000	0.000008	0.000001	0.000000	0.000000	0.000005	0.000000	0.000000	0.000003	0.000007
20	L	O	0.975572	0.000022	0.015491	0.006539	0.000002	0.002137	0.000221	0.000001	0.000000	0.000008	0.000002	0.000000	0.000000	0.000004	0.000000	0.000000	0.000002	0.000005
21	V	O	0.976784	0.000009	0.011878	0.009180	0.000001	0.001938	0.000199	0.000000	0.000000	0.000007	0.000002	0.000000	0.000000	0.000004	0.000000	0.000000	0.000001	0.000004
22	A	O	0.978251	0.000004	0.007920	0.011876	0.000000	0.001665	0.000274	0.000000	0.000000	0.000006	0.000003	0.000000	0.000000	0.000004	0.000000	0.000000	0.000001	0.000003
23	G	O	0.980434	0.000002	0.004463	0.013430	0.000000	0.001266	0.000399	0.000000	0.000000	0.000004	0.000004	0.000000	0.000000	0.000003	0.000001	0.000000	0.000000	0.000002
24	F	O	0.984560	0.000001	0.002813	0.011355	0.000000	0.000804	0.000463	0.000000	0.000000	0.000003	0.000003	0.000000	0.000000	0.000003	0.000001	0.000000	0.000000	0.000002
25	G	O	0.988168	0.000001	0.001454	0.009570	0.000000	0.000458	0.000346	0.000000	0.000000	0.000002	0.000003	0.000000	0.000000	0.000002	0.000001	0.000000	0.000000	0.000001
26	G	O	0.992733	0.000000	0.000846	0.005961	0.000000	0.000205	0.000253	0.000000	0.000000	0.000002	0.000002	0.000000	0.000000	0.000001	0.000001	0.000000	0.000000	0.000000
27	G	O	0.995945	0.000000	0.000533	0.003317	0.000000	0.000096	0.000109	0.000000	0.000000	0.000001	0.000002	0.000000	0.000000	0.000001	0.000000	0.000000	0.000000	0.000000
28	T	O	0.997838	0.000000	0.000375	0.001689	0.000000	0.000048	0.000048	0.000000	0.000000	0.000001	0.000001	0.000000	0.000000	0.000001	0.000000	0.000000	0.000000	0.000000
29	L	O	0.998716	0.000000	0.000269	0.000965	0.000000	0.000029	0.000019	0.000000	0.000000	0.000001	0.000001	0.000000	0.000000	0.000000	0.000000	0.000000	0.000000	0.000000
30	Y	O	0.999133	0.000000	0.000186	0.000648	0.000000	0.000017	0.000012	0.000000	0.000000	0.000001	0.000001	0.000000	0.000000	0.000000	0.000000	0.000000	0.000000	0.000000
31	Y	O	0.999389	0.000000	0.000127	0.000464	0.000000	0.000008	0.000009	0.000000	0.000000	0.000000	0.000001	0.000000	0.000000	0.000000	0.000000	0.000000	0.000000	0.000000
32	P	O	0.999564	0.000000	0.000085	0.000338	0.000000	0.000004	0.000004	0.000000	0.000000	0.000000	0.000000	0.000000	0.000000	0.000000	0.000000	0.000000	0.000000	0.000000
33	T	O	0.999683	0.000000	0.000059	0.000249	0.000000	0.000002	0.000002	0.000000	0.000000	0.000000	0.000000	0.000000	0.000000	0.000000	0.000000	0.000000	0.000000	0.000000
34	D	O	0.999750	0.000000	0.000039	0.000203	0.000000	0.000001	0.000001	0.000000	0.000000	0.000000	0.000000	0.000000	0.000000	0.000000	0.000000	0.000000	0.000000	0.000000
35	T	O	0.999793	0.000000	0.000026	0.000171	0.000000	0.000001	0.000001	0.000000	0.000000	0.000000	0.000000	0.000000	0.000000	0.000000	0.000000	0.000000	0.000000	0.000000
36	S	O	0.999830	0.000000	0.000017	0.000148	0.000000	0.000000	0.000000	0.000000	0.000000	0.000000	0.000000	0.000000	0.000000	0.000000	0.000000	0.000000	0.000000	0.000000
37	Q	O	0.999854	0.000000	0.000011	0.000128	0.000000	0.000000	0.000000	0.000000	0.000000	0.000000	0.000000	0.000000	0.000000	0.000000	0.000000	0.000000	0.000000	0.000000
38	G	O	0.999875	0.000000	0.000008	0.000112	0.000000	0.000000	0.000000	0.000000	0.000000	0.000000	0.000000	0.000000	0.000000	0.000000	0.000000	0.000000	0.000000	0.000000
39	T	O	0.999893	0.000000	0.000006	0.000095	0.000000	0.000000	0.000000	0.000000	0.000000	0.000000	0.000000	0.000000	0.000000	0.000000	0.000000	0.000000	0.000000	0.000000
40	F	O	0.999908	0.000000	0.000004	0.000082	0.000000	0.000000	0.000000	0.000000	0.000000	0.000000	0.000000	0.000000	0.000000	0.000000	0.000000	0.000001	0.000000	0.000000
41	G	O	0.999917	0.000000	0.000003	0.000073	0.000000	0.000000	0.000000	0.000000	0.000000	0.000000	0.000000	0.000000	0.000000	0.000000	0.000000	0.000001	0.000000	0.000000
42	A	O	0.999927	0.000000	0.000002	0.000063	0.000000	0.000000	0.000000	0.000000	0.000000	0.000000	0.000000	0.000000	0.000000	0.000000	0.000000	0.000001	0.000000	0.000000
43	I	O	0.999933	0.000000	0.000002	0.000056	0.000001	0.000001	0.000000	0.000001	0.000000	0.000000	0.000000	0.000000	0.000000	0.000000	0.000000	0.000001	0.000000	0.000000
44	A	O	0.999941	0.000000	0.000002	0.000050	0.000001	0.000001	0.000000	0.000001	0.000000	0.000000	0.000000	0.000000	0.000000	0.000000	0.000000	0.000002	0.000001	0.000001
45	L	O	0.999944	0.000000	0.000001	0.000045	0.000001	0.000001	0.000000	0.000001	0.000000	0.000001	0.000001	0.000000	0.000000	0.000000	0.000000	0.000002	0.000001	0.000001
46	S	O	0.999947	0.000000	0.000001	0.000041	0.000001	0.000001	0.000000	0.000002	0.000000	0.000001	0.000001	0.000000	0.000000	0.000000	0.000000	0.000003	0.000001	0.000001
47	P	O	0.999949	0.000000	0.000001	0.000037	0.000002	0.000001	0.000001	0.000002	0.000000	0.000001	0.000001	0.000000	0.000000	0.000000	0.000000	0.000004	0.000001	0.000001
48	G	O	0.999950	0.000000	0.000001	0.000034	0.000002	0.000002	0.000001	0.000003	0.000000	0.000001	0.000001	0.000000	0.000000	0.000000	0.000000	0.000005	0.000001	0.000001
49	Y	O	0.999950	0.000000	0.000000	0.000031	0.000003	0.000002	0.000001	0.000005	0.000001	0.000002	0.000002	0.000000	0.000000	0.000000	0.000000	0.000006	0.000001	0.000001
50	T	O	0.999943	0.000000	0.000000	0.000028	0.000004	0.000003	0.000001	0.000006	0.000001	0.000002	0.000003	0.000000	0.000000	0.000000	0.000000	0.000008	0.000002	0.000002
51	A	O	0.999937	0.000000	0.000000	0.000025	0.000004	0.000004	0.000001	0.000009	0.000001	0.000003	0.000003	0.000000	0.000000	0.000000	0.000000	0.000010	0.000002	0.000002
52	S	O	0.999928	0.000000	0.000000	0.000022	0.000005	0.000004	0.000001	0.000012	0.000001	0.000004	0.000004	0.000001	0.000000	0.000001	0.000000	0.000013	0.000003	0.000003
53	W	O	0.999916	0.000000	0.000000	0.000019	0.000006	0.000005	0.000002	0.000015	0.000002	0.000006	0.000005	0.000001	0.000000	0.000001	0.000001	0.000016	0.000004	0.000003
54	S	O	0.999902	0.000000	0.000000	0.000016	0.000008	0.000007	0.000002	0.000020	0.000003	0.000007	0.000007	0.000001	0.000000	0.000001	0.000001	0.000020	0.000005	0.000004
55	S	O	0.999882	0.000000	0.000000	0.000014	0.000009	0.000008	0.000002	0.000026	0.000003	0.000010	0.000009	0.000001	0.000000	0.000001	0.000001	0.000024	0.000006	0.000005
56	I	O	0.999859	0.000000	0.000000	0.000011	0.000011	0.000010	0.000003	0.000031	0.000005	0.000014	0.000011	0.000001	0.000000	0.000002	0.000001	0.000027	0.000008	0.000007
57	S	O	0.999831	0.000000	0.000000	0.000009	0.000013	0.000012	0.000003	0.000040	0.000005	0.000017	0.000016	0.000002	0.000001	0.000002	0.000002	0.000033	0.000009	0.000009
58	W	O	0.999799	0.000000	0.000000	0.000007	0.000015	0.000013	0.000004	0.000048	0.000006	0.000023	0.000020	0.000002	0.000001	0.000003	0.000002	0.000039	0.000011	0.000010
59	L	O	0.999759	0.000000	0.000000	0.000006	0.000018	0.000016	0.000005	0.000056	0.000008	0.000031	0.000026	0.000003	0.000001	0.000003	0.000003	0.000046	0.000013	0.000012
60	G	O	0.999709	0.000000	0.000000	0.000005	0.000022	0.000019	0.000005	0.000066	0.000009	0.000037	0.000036	0.000003	0.000001	0.000004	0.000004	0.000059	0.000013	0.000015
61	P	O	0.999645	0.000000	0.000000	0.000004	0.000026	0.000023	0.000005	0.000077	0.000011	0.000045	0.000049	0.000004	0.000001	0.000005	0.000004	0.000075	0.000015	0.000015
62	R	O	0.999554	0.000000	0.000000	0.000003	0.000030	0.000030	0.000007	0.000088	0.000017	0.000058	0.000067	0.000004	0.000001	0.000007	0.000006	0.000095	0.000021	0.000017
63	L	O	0.999446	0.000000	0.000000	0.000002	0.000027	0.000044	0.000007	0.000110	0.000012	0.000083	0.000085	0.000004	0.000001	0.000010	0.000008	0.000109	0.000036	0.000023
64	A	O	0.999314	0.000000	0.000000	0.000002	0.000022	0.000059	0.000009	0.000113	0.000013	0.000115	0.000120	0.000004	0.000001	0.000014	0.000012	0.000118	0.000056	0.000035
65	S	O	0.999198	0.000000	0.000000	0.000001	0.000014	0.000071	0.000015	0.000101	0.000009	0.000148	0.000166	0.000003	0.000000	0.000019	0.000016	0.000114	0.000078	0.000053
66	Q	O	0.999130	0.000000	0.000000	0.000001	0.000006	0.000073	0.000026	0.000067	0.000006	0.000164	0.000220	0.000002	0.000000	0.000023	0.000020	0.000091	0.000101	0.000073
67	G	O	0.999127	0.000000	0.000000	0.000000	0.000000	0.000066	0.000035	0.000034	0.000000	0.000153	0.000272	0.000000	0.000000	0.000026	0.000025	0.000045	0.000119	0.000099
68	F	O	0.999258	0.000000	0.000000	0.000000	0.000000	0.000038	0.000048	0.000000	0.000000	0.000108	0.000268	0.000000	0.000000	0.000019	0.000036	0.000000	0.000094	0.000136
69	V	O	0.999480	0.000000	0.000000	0.000000	0.000000	0.000000	0.000057	0.000000	0.000000	0.000000	0.000252	0.000000	0.000000	0.000000	0.000056	0.000000	0.000000	0.000155
70	V	O	1.000002	0.000000	0.000000	0.000000	0.000000	0.000000	0.000000	0.000000	0.000000	0.000000	0.000000	0.000000	0.000000	0.000000	0.000000	0.000000	0.000000	0.000000
