tournament_wt_1	CaPETase_wt	100	259	0	0	1	259	41	299	1.90e-196	531
tournament_wt_2	WP_012851645.1	55.2	261	110	5	1	256	29	287	1.12e-86	253
tournament_wt_3	WP_012851645.1	56.4	257	110	1	1	257	29	283	1.57e-104	298
tournament_wt_4	CDN67547.1	100	245	0	0	1	245	17	261	1.69e-182	494
tournament_wt_5	LCC_wt	100	242	0	0	1	242	51	292	3.37e-177	481
tournament_wt_6	IsPETase_wt	99.6	246	1	0	1	246	45	290	8.04e-175	476
tournament_wt_7	WP_068752972.1	87.3	245	31	0	1	245	56	300	2.15e-162	444
tournament_wt_8	5LUK_A	55.2	241	104	2	2	240	19	257	1.92e-95	273
tournament_wt_9	WP_012851645.1	62.8	242	90	0	1	242	46	287	1.55e-105	300
tournament_wt_10	5LUK_A	76.7	245	57	0	1	245	18	262	2.73e-143	395
tournament_wt_11	WP_012851645.1	73.0	244	65	1	1	243	46	289	7.18e-130	362
tournament_wt_12	WP_012851645.1	69.3	244	75	0	1	244	46	289	9.40e-119	333
tournament_wt_13	TM3	43.1	225	124	4	4	228	48	268	2.17e-60	185
tournament_wt_14	WP_093412886.1	70.3	249	72	2	1	247	45	293	1.82e-125	351
tournament_wt_15	WP_093412886.1	71.2	243	68	2	1	241	51	293	2.74e-123	345
tournament_wt_16	WP_012850775.1	31.8	245	153	3	6	250	52	282	5.08e-36	122
tournament_wt_17	WP_093412886.1	43.2	213	118	2	2	212	65	276	7.67e-51	159
tournament_wt_18	WP_093412886.1	41.1	219	122	1	1	219	68	279	2.46e-60	184
tournament_wt_19	IsPETase_S121D	82.9	245	42	0	1	245	18	262	2.90e-147	405
tournament_wt_20	WP_012851645.1	71.2	243	70	0	1	243	46	288	6.47e-126	352
tournament_wt_21	WP_012851645.1	68.6	242	76	0	1	242	46	287	4.67e-119	334
tournament_wt_22	FASTPETase	41.5	229	131	3	1	226	45	273	2.97e-57	177
tournament_wt_23	WP_012851645.1	75.6	242	58	1	1	241	46	287	2.39e-135	375
tournament_wt_24	BhrPETase_wt	100	245	0	0	1	245	49	293	2.04e-179	487
tournament_wt_25	D1	36.9	217	127	4	25	241	63	269	7.49e-46	148
tournament_wt_26	5LUK_A	40.1	252	123	8	6	248	21	253	9.35e-51	160
tournament_wt_27	IsPETase_D186H	43.6	234	119	6	12	237	34	262	2.91e-65	196
tournament_wt_28	5LUK_A	41.5	224	127	2	5	225	19	241	2.08e-55	171
tournament_wt_29	WP_012851645.1	56.4	241	99	5	8	244	49	287	6.55e-80	235
tournament_wt_30	WP_012851645.1	56.1	230	91	4	2	225	46	271	9.82e-77	226
tournament_wt_31	WP_093412886.1	67.1	243	78	2	1	241	51	293	1.17e-119	336
tournament_wt_32	WP_012851645.1	70.1	244	73	0	1	244	46	289	5.72e-125	349
tournament_wt_33	WP_012851645.1	59.3	243	92	3	1	236	46	288	6.58e-93	268
tournament_wt_34	WP_012851645.1	56.6	228	93	4	5	228	46	271	1.25e-75	223
tournament_wt_35	WP_012851645.1	54.4	228	98	4	1	224	46	271	1.53e-75	223
tournament_wt_36	WP_012850775.1	53.1	228	101	4	1	224	48	273	1.11e-74	221
tournament_wt_37	Thermopetase_R224Q	54.3	247	105	6	1	245	45	285	2.73e-88	256
tournament_wt_38	LCC_Y127G	35.6	247	148	6	3	247	50	287	3.69e-42	138
tournament_wt_39	CDN67547.1	40.0	255	123	8	8	252	20	254	6.82e-54	168
tournament_wt_40	IsPETase_S121D	51.0	251	114	7	1	248	18	262	1.14e-83	244
tournament_wt_41	IsPETase_S121D	35.1	248	150	6	9	253	21	260	1.04e-39	131
tournament_wt_43	IsPETase_W159H/F229Y	43.4	212	117	3	25	236	63	271	4.82e-64	195
tournament_wt_44	IsPETase_W159H/F229Y	44.4	214	116	3	21	234	61	271	1.86e-63	193
tournament_wt_45	WP_093412886.1	56.6	244	104	2	1	244	51	292	3.30e-96	276
tournament_wt_46	WP_012851645.1	67.9	237	74	1	8	242	51	287	1.33e-113	320
tournament_wt_47	Durapetase_N233K	34.6	234	142	5	25	257	63	286	6.16e-44	143
tournament_wt_48	Thermopetase_R224Q	57.0	244	98	5	8	250	48	285	1.42e-94	273
tournament_wt_49	LCC_F243W/D238C/S283C/N246M	34.5	232	146	4	1	228	45	274	3.41e-40	133
tournament_wt_50	CBY05529.1	59.8	249	96	2	3	249	73	319	9.52e-98	281
tournament_wt_51	WP_012851645.1	69.1	246	76	0	3	248	44	289	1.10e-123	346
tournament_wt_52	WP_093412886.1	52.0	223	105	2	7	227	54	276	2.52e-80	236
tournament_wt_53	WP_012851645.1	58.2	244	99	2	4	244	44	287	3.33e-95	274
tournament_wt_54	WP_012851645.1	56.8	241	98	5	8	244	49	287	1.15e-80	237
tournament_wt_55	WP_012851645.1	68.6	245	77	0	2	246	44	288	4.97e-122	342
tournament_wt_57	WP_012851645.1	68.3	246	78	0	3	248	44	289	2.57e-122	343
tournament_wt_58	Thermopetase_N233K	34.5	249	149	5	6	253	48	283	3.08e-42	139
tournament_wt_59	FASTPETase	51.8	255	114	7	1	252	41	289	9.00e-88	255
tournament_wt_60	WP_093412886.1	51.0	245	119	1	2	246	48	291	1.34e-88	257
tournament_wt_61	WP_012851645.1	84.3	242	37	1	1	241	46	287	1.46e-145	401
tournament_wt_62	WP_093412886.1	59.8	244	97	1	1	243	48	291	3.56e-105	299
tournament_wt_63	WP_012851645.1	63.4	243	89	0	2	244	44	286	9.00e-110	311
tournament_wt_64	WP_093412886.1	68.6	245	76	1	2	245	48	292	2.76e-119	335
tournament_wt_65	WP_093412886.1	46.1	245	130	2	2	244	48	292	1.32e-69	209
tournament_wt_66	WP_093412886.1	54.7	245	111	0	1	245	48	292	7.08e-98	281
tournament_wt_67	WP_093412886.1	53.1	245	114	1	1	244	48	292	2.97e-89	259
tournament_wt_68	WP_012851645.1	49.8	211	98	4	20	226	64	270	1.05e-69	209
tournament_wt_69	WP_093412886.1	44.7	235	129	1	9	243	58	291	6.90e-52	163
tournament_wt_70	WP_093412886.1	40.0	225	121	3	7	230	54	265	1.96e-49	157
tournament_wt_71	WP_012851645.1	53.9	243	107	4	1	239	46	287	4.65e-76	225
tournament_wt_72	WP_093412886.1	44.3	235	130	1	11	245	58	291	1.32e-52	165
tournament_wt_73	WP_093412886.1	53.0	247	113	2	1	246	48	292	9.11e-94	270
tournament_wt_74	WP_012851645.1	55.2	239	96	6	4	235	49	283	1.41e-82	241
tournament_wt_75	FASTPETase	44.9	234	126	3	1	231	41	274	2.45e-63	193
tournament_wt_76	WP_012851645.1	68.0	244	77	1	2	244	44	287	3.81e-118	332
tournament_wt_77	WP_012851645.1	70.5	244	72	0	2	245	44	287	5.42e-123	344
tournament_wt_78	WP_012851645.1	61.3	243	91	2	2	241	44	286	9.87e-104	295
tournament_wt_79	CDN67547.1	39.5	243	135	4	5	247	19	249	5.37e-53	166
tournament_wt_80	BhrPETase_W104D	46.1	241	123	4	3	238	50	288	1.80e-60	185
tournament_wt_81	WP_012851645.1	53.4	247	109	4	2	245	44	287	1.90e-84	246
tournament_wt_82	WP_012851645.1	58.8	245	98	2	2	245	44	286	4.21e-101	289
tournament_wt_83	WP_012851645.1	72.1	244	68	0	2	245	44	287	6.99e-126	352
tournament_wt_84	IsPETase_S121E	52.4	252	111	7	3	250	16	262	1.46e-84	246
tournament_wt_85	WP_012851645.1	70.7	246	70	2	1	244	42	287	2.88e-127	355
tournament_wt_86	WP_012850775.1	69.2	234	70	1	6	237	59	292	3.64e-110	311
tournament_wt_87	WP_012851645.1	68.4	244	77	0	2	245	44	287	7.28e-121	339
tournament_wt_88	WP_012851645.1	65.9	246	82	1	2	247	44	287	2.70e-114	322
tournament_wt_89	WP_012851645.1	68.2	242	73	3	4	241	46	287	1.59e-116	328
tournament_wt_90	WP_012851645.1	48.7	226	106	5	7	226	49	270	3.13e-74	220
tournament_wt_91	WP_012851645.1	72.0	246	67	2	1	244	42	287	1.23e-128	358
tournament_wt_92	LCC_wt	48.3	240	115	6	4	238	49	284	3.46e-58	179
tournament_wt_93	WP_012851645.1	66.0	244	82	1	2	244	44	287	1.63e-119	335
tournament_wt_94	WP_012851645.1	70.5	244	71	1	2	244	44	287	9.54e-126	351
tournament_wt_95	WP_012851645.1	69.7	244	74	0	2	245	44	287	1.89e-123	345
tournament_wt_96	WP_012851645.1	67.6	244	78	1	2	244	44	287	8.90e-117	328
tournament_wt_97	WP_012851645.1	54.1	244	105	5	5	243	46	287	3.32e-77	228
tournament_wt_98	IsPETase_S121D	50.0	258	118	8	1	256	14	262	9.65e-82	239
tournament_wt_99	BhrPETase_H191D	36.9	233	141	5	2	231	46	275	1.25e-43	142
tournament_wt_100	WP_012850775.1	36.9	233	143	3	4	235	49	278	2.47e-49	157
tournament_wt_101	WP_012851645.1	68.0	241	72	3	8	245	49	287	1.36e-116	328
tournament_wt_102	5LUK_A	44.3	167	88	3	22	183	96	262	8.65e-40	129
tournament_wt_103	IsPETase_D186H	44.0	250	125	7	7	248	21	263	6.40e-67	201
tournament_wt_104	WP_093412886.1	45.4	240	123	1	2	241	48	279	7.00e-69	207
tournament_wt_105	WP_012851645.1	54.5	244	105	4	1	240	46	287	1.99e-80	236
tournament_wt_106	IsPETase_W159H/F229Y	43.8	233	128	3	1	230	41	273	5.53e-62	189
tournament_wt_107	WP_012851645.1	70.1	244	73	0	2	245	44	287	4.67e-124	347
tournament_wt_108	WP_012851645.1	54.9	244	108	1	3	244	44	287	4.10e-96	276
tournament_wt_109	WP_093412886.1	50.0	246	121	2	3	248	49	292	4.12e-80	236
tournament_wt_110	WP_012851645.1	71.8	245	68	1	2	245	44	288	2.99e-127	355
tournament_wt_111	WP_093412886.1	58.6	244	100	1	1	243	48	291	4.02e-99	284
tournament_wt_112	WP_083947829.1	64.8	250	81	3	1	245	37	284	6.58e-111	313
tournament_wt_113	WP_012851645.1	48.0	248	118	6	4	245	46	288	1.21e-69	209
tournament_wt_114	WP_093412886.1	65.0	246	85	1	2	246	48	293	3.57e-113	320
tournament_wt_115	WP_012851645.1	49.6	246	117	5	2	243	46	288	2.18e-72	216
tournament_wt_116	WP_012851645.1	69.0	245	76	0	2	246	43	287	1.07e-125	351
tournament_wt_117	WP_012851645.1	69.7	244	74	0	3	246	44	287	7.34e-122	342
tournament_wt_118	IsPETase_W159H/F229Y	43.3	233	129	3	1	230	41	273	7.00e-60	184
tournament_wt_119	WP_012851645.1	69.3	244	75	0	4	247	46	289	1.74e-122	343
tournament_wt_120	WP_012851645.1	65.4	246	85	0	2	247	44	289	1.47e-116	328
tournament_wt_121	WP_012851645.1	51.4	247	117	2	3	248	44	288	7.79e-90	260
tournament_wt_122	WP_093412886.1	54.3	245	108	2	1	241	48	292	2.67e-92	266
tournament_wt_123	WP_012851645.1	67.2	244	80	0	1	244	46	289	7.68e-118	331
tournament_wt_124	WP_093412886.1	45.7	245	131	2	2	244	48	292	3.10e-68	205
tournament_wt_125	FASTPETase	42.5	233	131	3	1	230	41	273	9.56e-60	184
tournament_wt_127	WP_012851645.1	45.6	250	128	5	2	247	43	288	4.30e-65	197
tournament_wt_128	WP_012851645.1	68.7	246	77	0	2	247	44	289	2.61e-119	335
tournament_wt_129	WP_012851645.1	70.9	244	71	0	3	246	44	287	1.52e-125	351
tournament_wt_130	WP_012851645.1	75.1	245	60	1	2	245	43	287	2.32e-136	378
tournament_wt_131	WP_012851645.1	65.8	243	83	0	3	245	44	286	2.67e-109	310
tournament_wt_132	WP_012851645.1	73.8	244	63	1	2	244	44	287	1.56e-129	361
tournament_wt_133	WP_083947829.1	40.7	226	120	4	15	238	57	270	1.57e-49	157
tournament_wt_134	LCC_wt	34.9	235	136	5	3	235	55	274	4.15e-42	138
tournament_wt_135	WP_012851645.1	71.5	246	70	0	2	247	44	289	3.55e-129	360
tournament_wt_136	WP_012851645.1	58.0	245	96	3	3	240	44	288	9.41e-94	270
tournament_wt_137	WP_012851645.1	39.1	233	132	2	22	254	65	287	4.88e-48	154
tournament_wt_138	WP_093412886.1	42.7	241	134	4	6	243	54	293	2.22e-62	190
tournament_wt_139	WP_012851645.1	70.3	246	73	0	2	247	44	289	4.12e-128	357
tournament_wt_140	WP_012851645.1	51.8	247	105	4	3	239	44	286	2.10e-77	228
tournament_wt_141	WP_012851645.1	50.6	245	115	4	2	242	46	288	5.70e-75	222
tournament_wt_142	WP_012851645.1	65.6	241	78	3	8	245	49	287	2.59e-114	322
tournament_wt_143	WP_012851645.1	56.6	242	103	1	2	243	44	283	2.51e-97	279
tournament_wt_144	WP_012851645.1	69.2	247	71	4	2	245	43	287	2.16e-120	338
tournament_wt_145	WP_012851645.1	72.4	246	68	0	2	247	44	289	2.27e-132	368
tournament_wt_146	WP_012851645.1	70.7	246	72	0	2	247	44	289	1.84e-124	348
tournament_wt_147	IsPETase_W159H/F229Y	42.4	231	130	3	2	229	43	273	2.70e-59	182
tournament_wt_148	IsPETase_S121D	30.5	249	162	5	7	252	21	261	3.92e-34	117
tournament_wt_149	WP_012851645.1	72.0	246	69	0	2	247	44	289	6.16e-130	362
tournament_wt_150	WP_012851645.1	69.7	244	74	0	3	246	44	287	1.35e-124	348
tournament_wt_151	WP_012851645.1	58.8	245	94	3	3	240	44	288	7.64e-93	268
tournament_wt_152	WP_012851645.1	69.5	246	75	0	3	248	44	289	4.71e-125	350
tournament_wt_153	WP_012851645.1	67.6	241	73	3	8	245	49	287	2.90e-118	332
tournament_wt_154	WP_012851645.1	57.0	244	102	1	2	242	44	287	1.13e-95	275
tournament_wt_155	WP_012850775.1	52.4	248	112	4	1	243	45	291	1.59e-78	231
tournament_wt_156	WP_012851645.1	61.6	242	91	2	2	243	44	283	3.44e-107	304
tournament_wt_157	WP_012851645.1	67.5	243	79	0	2	244	44	286	4.18e-115	324
tournament_wt_158	TM3	43.1	225	124	4	9	233	48	268	1.29e-60	186
tournament_wt_159	WP_012851645.1	68.9	244	76	0	5	248	46	289	5.17e-122	342
tournament_wt_160	IsPETase_W159H/F229Y	43.8	233	128	3	1	230	41	273	4.40e-61	187
tournament_wt_161	WP_012851645.1	67.1	246	81	0	2	247	44	289	8.18e-121	339
tournament_wt_162	IsPETase_W159H/F229Y	41.2	233	134	3	1	230	41	273	8.81e-58	179
tournament_wt_163	WP_012851645.1	41.9	248	138	4	2	246	44	288	1.07e-59	183
tournament_wt_164	WP_093412886.1	70.3	246	71	2	1	244	48	293	3.78e-124	347
tournament_wt_165	5LUK_A	54.7	243	107	2	2	242	16	257	2.75e-93	268
tournament_wt_166	WP_012851645.1	66.8	244	79	2	2	243	44	287	7.94e-113	318
tournament_wt_167	WP_093412886.1	33.6	217	139	4	7	218	54	270	1.10e-31	110
tournament_wt_168	WP_093412886.1	35.4	189	117	4	7	190	54	242	5.40e-31	108
tournament_wt_169	CaPETase_wt	100	245	0	0	1	245	55	299	2.90e-185	502
tournament_wt_170	WP_012851645.1	69.5	246	75	0	2	247	44	289	5.25e-124	347
tournament_wt_171	WP_012851645.1	72.1	244	68	0	2	245	44	287	2.75e-126	353
tournament_wt_172	WP_093412886.1	51.4	245	119	0	1	245	48	292	5.20e-88	256
tournament_wt_173	WP_012851645.1	65.8	243	83	0	2	244	44	286	6.48e-112	316
tournament_wt_174	IsPETase_D186F	51.4	245	113	5	2	245	19	258	1.11e-86	251
tournament_wt_175	WP_093412886.1	62.9	248	88	3	1	246	48	293	9.41e-109	308
tournament_wt_176	WP_012851645.1	56.8	241	98	5	5	241	49	287	5.13e-81	238
tournament_wt_177	WP_012851645.1	41.6	250	136	5	2	246	44	288	4.28e-59	182
tournament_wt_178	WP_012851645.1	49.4	245	118	4	2	242	46	288	4.03e-75	223
tournament_wt_179	WP_012850775.1	46.5	245	124	5	4	243	50	292	5.28e-66	199
tournament_wt_180	WP_012850775.1	50.0	248	118	4	1	243	45	291	1.03e-76	227
tournament_wt_181	WP_012851645.1	71.5	246	70	0	3	248	44	289	2.01e-126	353
tournament_wt_182	WP_012851645.1	67.9	246	79	0	2	247	44	289	3.91e-121	340
tournament_wt_183	WP_012851645.1	53.5	245	109	4	3	243	44	287	6.66e-77	227
tournament_wt_184	WP_012851645.1	74.7	245	61	1	2	245	43	287	8.44e-137	379
tournament_wt_185	WP_012851645.1	51.2	242	112	1	4	239	46	287	1.11e-84	247
tournament_wt_186	WP_012851645.1	55.3	244	103	5	2	241	46	287	1.03e-80	237
tournament_wt_187	WP_012851645.1	56.1	244	101	5	2	241	46	287	1.03e-80	237
tournament_wt_188	IsPETase_W159H/F229Y	50.4	228	107	4	6	232	48	270	1.38e-71	214
tournament_wt_189	IsPETase_W159H/F229Y	50.8	246	111	5	5	249	47	283	1.42e-79	234
tournament_wt_190	WP_083947829.1	51.9	231	105	4	3	233	39	263	3.88e-75	223
tournament_wt_191	WP_012851645.1	68.0	244	78	0	3	246	44	287	6.68e-120	337
tournament_wt_192	BhrPETase_F243T	39.5	210	118	5	14	219	63	267	9.39e-36	121
tournament_wt_193	WP_012851645.1	38.8	232	132	2	24	255	66	287	5.83e-50	159
tournament_wt_194	CaPETase_T86R	40.7	253	128	8	7	254	63	298	6.63e-51	161
tournament_wt_195	WP_012851645.1	62.6	243	91	0	3	245	44	286	9.81e-107	303
tournament_wt_196	WP_012851645.1	40.0	225	125	2	25	249	66	280	3.03e-50	159
tournament_wt_197	WP_012851645.1	38.3	248	143	2	5	252	50	287	1.34e-50	160
tournament_wt_198	WP_012851645.1	63.4	243	89	0	2	244	44	286	4.69e-107	304
tournament_wt_199	WP_093412886.1	54.7	245	109	1	2	244	48	292	3.68e-93	269
tournament_wt_200	WP_012851645.1	67.6	244	79	0	3	246	44	287	4.77e-117	329
tournament_wt_201	FASTPETase	45.2	250	122	7	7	248	48	290	9.81e-70	209
tournament_wt_202	WP_012851645.1	53.9	241	105	5	7	243	49	287	1.66e-77	229
tournament_wt_203	WP_012851645.1	55.1	245	105	4	3	243	44	287	4.46e-80	235
tournament_wt_204	WP_012851645.1	58.8	243	93	3	7	242	47	289	3.95e-93	268
tournament_wt_205	WP_083947829.1	63.3	248	84	4	1	243	38	283	1.18e-106	303
tournament_wt_206	WP_012851645.1	51.8	245	112	4	4	244	46	288	1.23e-74	221
tournament_wt_207	WP_012851645.1	60.8	245	92	2	2	242	44	288	1.62e-102	292
tournament_wt_208	WP_012851645.1	56.6	244	100	5	4	243	46	287	3.40e-82	241
tournament_wt_209	WP_012851645.1	58.5	248	100	2	2	248	44	289	2.77e-102	292
tournament_wt_210	WP_012851645.1	55.7	244	102	5	4	243	46	287	5.52e-81	238
tournament_wt_211	IsPETase_S121D	49.2	256	118	8	3	255	16	262	7.81e-81	237
tournament_wt_212	WP_093412886.1	62.1	243	92	0	1	243	48	290	3.47e-103	294
tournament_wt_213	WP_012851645.1	63.8	243	88	0	2	244	44	286	6.73e-112	316
tournament_wt_214	WP_012851645.1	72.0	246	69	0	2	247	44	289	6.78e-127	354
tournament_wt_215	WP_093412886.1	56.3	245	105	1	1	243	48	292	4.33e-99	284
tournament_wt_216	WP_093412886.1	69.1	246	74	2	1	244	48	293	1.45e-121	341
tournament_wt_217	WP_012851645.1	69.8	245	73	1	2	245	44	288	9.41e-124	346
tournament_wt_218	WP_083947829.1	39.0	241	133	5	16	254	54	282	6.25e-54	169
tournament_wt_219	IsPETase_D186H	45.0	249	122	7	9	249	21	262	5.30e-69	206
tournament_wt_220	Thermopetase_R224Q	53.8	249	109	5	1	248	42	285	1.07e-88	258
tournament_wt_221	WP_012851645.1	56.2	242	100	5	6	243	48	287	1.37e-81	239
tournament_wt_222	WP_093412886.1	51.0	245	119	1	1	245	48	291	9.10e-89	258
tournament_wt_223	WP_093412886.1	44.0	234	123	1	3	236	54	279	1.93e-64	196
tournament_wt_224	WP_083947829.1	39.2	240	132	5	19	256	55	282	1.33e-53	168
tournament_wt_225	CaPETase_N109A	45.2	250	125	5	3	247	57	299	2.32e-61	188
tournament_wt_226	WP_012851645.1	53.9	243	107	4	4	242	46	287	2.80e-78	231
tournament_wt_227	WP_012851645.1	69.4	245	75	0	2	246	44	288	1.79e-126	353
tournament_wt_228	WP_012851645.1	56.6	244	103	1	2	242	44	287	2.04e-96	277
tournament_wt_229	WP_012851645.1	69.1	246	76	0	2	247	44	289	7.45e-124	347
tournament_wt_230	WP_012851645.1	70.5	244	72	0	2	245	44	287	1.24e-124	348
tournament_wt_231	IsPETase_D186L	33.0	215	138	3	21	235	36	244	1.17e-33	115
tournament_wt_232	WP_093412886.1	41.0	239	134	1	1	239	48	279	3.41e-63	192
tournament_wt_233	LCC_F243W/D238C/S283C/N246M	37.2	226	140	2	4	228	49	273	1.47e-47	152
tournament_wt_234	WP_012851645.1	69.5	246	75	0	3	248	44	289	1.27e-122	343
tournament_wt_235	WP_012851645.1	55.4	242	104	3	5	242	46	287	1.40e-78	231
tournament_wt_236	WP_012851645.1	51.4	247	117	2	3	248	44	288	5.50e-90	261
tournament_wt_237	WP_093412886.1	53.1	245	114	1	1	244	48	292	3.08e-89	259
tournament_wt_238	CDN67547.1	48.2	245	122	2	7	248	19	261	3.93e-76	224
tournament_wt_239	WP_012851645.1	66.7	246	82	0	2	247	44	289	2.21e-118	333
tournament_wt_240	WP_012851645.1	65.6	247	81	2	2	248	44	286	9.43e-111	313
tournament_wt_241	WP_012851645.1	54.9	244	104	5	4	243	46	287	2.22e-80	236
tournament_wt_242	WP_012851645.1	69.9	246	74	0	2	247	44	289	9.12e-125	349
tournament_wt_243	WP_012851645.1	57.0	244	99	5	4	243	46	287	2.40e-82	241
tournament_wt_244	WP_012851645.1	56.6	244	100	5	4	243	46	287	3.40e-82	241
tournament_wt_245	WP_012850775.1	69.1	249	72	3	1	246	45	291	1.73e-118	333
tournament_wt_246	5LUK_A	49.6	246	119	2	4	246	18	261	6.02e-91	262
tournament_wt_247	BhrPETase_H191D	37.0	230	139	5	1	227	49	275	7.84e-44	142
tournament_wt_248	CaPETase_R242C/S291C	46.1	243	123	4	2	244	57	291	1.96e-65	198
tournament_wt_249	WP_093412886.1	61.9	244	92	1	1	243	48	291	5.96e-106	301
tournament_wt_250	WP_093412886.1	43.4	249	130	6	7	253	54	293	1.24e-61	189
tournament_wt_251	WP_012851645.1	55.2	239	96	6	7	238	49	283	1.58e-82	241
tournament_wt_252	WP_012851645.1	73.1	245	65	1	2	245	43	287	3.78e-133	370
tournament_wt_253	WP_083947829.1	65.6	250	78	4	1	245	37	283	1.65e-109	310
tournament_wt_254	WP_012851645.1	55.3	244	103	5	5	244	46	287	9.28e-80	234
tournament_wt_255	WP_012851645.1	56.6	244	100	5	4	243	46	287	6.83e-82	240
tournament_wt_256	WP_012851645.1	68.7	246	77	0	3	248	44	289	2.98e-121	340
tournament_wt_257	WP_012851645.1	69.0	245	76	0	3	247	44	288	6.94e-120	337
tournament_wt_258	WP_093412886.1	55.9	245	106	1	2	244	48	292	5.59e-95	273
tournament_wt_259	WP_012850775.1	56.0	218	88	4	20	233	66	279	8.59e-81	237
tournament_wt_260	WP_093412886.1	55.5	245	107	1	2	244	48	292	2.41e-96	277
tournament_wt_261	WP_012851645.1	67.2	244	79	1	2	244	44	287	3.24e-122	342
tournament_wt_262	WP_093412886.1	55.8	240	103	2	9	245	54	293	8.78e-94	270
tournament_wt_263	WP_012851645.1	54.1	244	105	5	5	243	46	287	6.59e-82	240
tournament_wt_264	WP_012851645.1	72.1	247	65	3	2	246	43	287	1.44e-128	358
tournament_wt_265	WP_093412886.1	88.2	246	29	0	1	246	48	293	6.65e-167	456
tournament_wt_266	WP_093412886.1	88.2	246	29	0	1	246	48	293	3.15e-165	451
tournament_wt_267	WP_012851645.1	51.3	226	108	2	20	244	64	288	7.60e-76	224
tournament_wt_268	LCC_wt	48.3	240	115	6	3	237	49	284	3.34e-58	179
tournament_wt_269	WP_012851645.1	67.1	246	81	0	2	247	44	289	1.16e-120	338
tournament_wt_270	WP_012851645.1	65.6	247	81	2	2	248	44	286	2.47e-113	320
tournament_wt_271	WP_012851645.1	69.6	247	70	4	2	245	43	287	5.33e-121	339
tournament_wt_272	CDN67547.1	43.7	231	114	4	3	227	20	240	4.07e-55	171
tournament_wt_273	WP_012851645.1	51.4	249	112	4	2	246	44	287	6.50e-78	230
tournament_wt_274	CaPETase_A252N	39.5	261	134	7	1	253	55	299	2.63e-49	157
tournament_wt_275	WP_012850775.1	67.9	249	78	1	1	247	44	292	3.45e-113	320
tournament_wt_276	WP_012851645.1	68.0	244	76	1	5	248	46	287	5.36e-117	329
tournament_wt_277	IsPETase_S121E/T140D/R224Q/N233K	51.6	252	115	6	4	253	43	289	2.93e-84	246
tournament_wt_278	WP_012851645.1	49.2	246	118	5	5	246	46	288	7.81e-71	212
tournament_wt_279	WP_012851645.1	74.9	247	58	3	2	246	43	287	2.63e-131	365
tournament_wt_280	WP_012851645.1	59.9	242	92	4	9	248	49	287	2.92e-97	279
tournament_wt_281	WP_012851645.1	58.7	242	96	3	7	246	48	287	1.79e-95	275
tournament_wt_282	WP_012851645.1	70.3	246	72	1	2	246	44	289	4.42e-127	355
tournament_wt_283	WP_093412886.1	58.2	244	101	1	2	244	48	291	2.21e-101	290
tournament_wt_284	WP_012851645.1	67.9	246	79	0	1	246	42	287	7.56e-126	352
tournament_wt_285	WP_012851645.1	68.6	239	71	3	8	242	49	287	2.44e-116	327
tournament_wt_286	WP_012851645.1	73.4	244	64	1	2	244	44	287	1.63e-129	361
tournament_wt_287	WP_012851645.1	66.4	244	80	2	2	243	44	287	1.60e-112	318
tournament_wt_288	WP_093412886.1	64.6	246	86	1	2	246	48	293	1.45e-112	318
tournament_wt_289	WP_012851645.1	58.2	244	99	2	2	242	44	287	3.09e-95	274
tournament_wt_290	WP_012851645.1	56.1	244	101	5	4	243	46	287	5.52e-81	238
tournament_wt_291	WP_012851645.1	63.8	246	89	0	2	247	44	289	1.69e-110	313
tournament_wt_292	WP_012850775.1	38.7	235	135	3	10	239	51	281	3.11e-47	151
tournament_wt_293	WP_093412886.1	40.0	225	121	3	11	234	54	265	2.23e-49	157
tournament_wt_294	WP_012851645.1	56.6	242	103	1	2	243	44	283	1.08e-98	283
tournament_wt_295	WP_012851645.1	70.9	244	71	0	2	245	44	287	7.56e-126	352
tournament_wt_296	WP_012851645.1	72.4	246	68	0	2	247	44	289	9.62e-127	354
tournament_wt_297	WP_012851645.1	62.9	245	91	0	2	246	43	287	3.85e-107	304
tournament_wt_298	WP_012851645.1	59.5	242	93	4	8	247	49	287	1.40e-97	280
tournament_wt_299	WP_012850775.1	63.6	247	89	1	1	246	45	291	7.51e-113	319
tournament_wt_300	WP_012851645.1	67.9	246	79	0	2	247	44	289	1.42e-121	341
tournament_wt_301	WP_012851645.1	51.4	249	112	4	3	247	44	287	5.89e-79	233
tournament_wt_302	WP_012851645.1	64.1	245	88	0	3	247	44	288	1.19e-110	313
tournament_wt_303	WP_012850775.1	69.5	249	71	3	1	246	45	291	1.73e-118	333
tournament_wt_304	WP_012851645.1	67.9	237	74	1	9	243	51	287	1.38e-113	320
tournament_wt_305	WP_012851645.1	55.0	249	104	5	3	248	44	287	3.75e-88	256
tournament_wt_306	WP_093412886.1	56.7	247	105	2	2	248	48	292	3.33e-97	279
tournament_wt_307	WP_012851645.1	67.3	245	80	0	2	246	44	288	1.97e-123	345
tournament_wt_308	WP_012851645.1	53.5	215	96	4	1	213	75	287	1.60e-69	207
tournament_wt_309	WP_012851645.1	56.2	226	90	5	7	227	49	270	1.58e-82	241
tournament_wt_310	ThermoPETase	51.4	255	115	7	1	252	41	289	7.74e-84	245
tournament_wt_311	WP_012851645.1	53.0	219	97	3	3	217	71	287	7.58e-77	226
tournament_wt_312	WP_093412886.1	49.8	247	122	2	4	250	49	293	2.29e-80	236
tournament_wt_313	WP_093412886.1	50.6	245	115	1	1	239	48	292	2.21e-85	249
